809091688104406118 ibujhr 41 0
809091688104406118 ibujhr 41 0
183548809128588916 sonmum 26 0
499915133342652913 dbpxzh 19 1
874451345576536798 ovqamt 42 0
150908668790698795 ziklqo 27 1
150908668790698795 ziklqo 27 1
464365890814682590 jvlodi 19 0
740811323038547598 upfzqd 34 0
134350555052629393 fcgcvq 27 1
430827878277793390 qpinik 42 0
430827878277793390 qpinik 42 0
727274000491677175 abbqnf 35 1
101710334615739273 lwdbzz 20 1
407287565839823070 wjeeeu 43 0
791824789853787075 yvyprh 36 1
791824789853787075 yvyprh 36 1
077171010077760872 jqzswb 21 0
482617244201834858 udbdjw 44 1
768286546425918655 fpufoq 29 1
042733979649890650 pcwqal 22 0
042733979649890650 pcwqal 22 0
358079201663954657 axxbnx 37 1
732646434887048454 ljress 30 0
028183756001901450 vwspfn 45 0
325630980125085237 gruskh 38 1
325630980125085237 gruskh 38 1
609096211349059332 rdndxu 31 0
095543435563931139 cqpgbo 46 1
399090666587095135 mdqroj 39 0
685359990711189932 xxkute 24 0
685359990711189932 xxkute 24 0
069905122935044917 iklfgy 47 1
366442425159126714 sxfill 32 0
650919859373290711 drgtyf 25 1
936365180397174517 oeiwca 40 1
936365180397174517 oeiwca 40 1
320802314511136514 zrbhpv 33 0
626359635736220319 bddkcp 26 1
902916869950185396 myevhc 41 0
297264091174267292 xlyxuw 34 1
693701314190331299 ixziyr 19 1
693701314190331299 ixziyr 19 1
987378546314215296 ssbllm 42 0
263825879448377091 dfuwqy 27 1
567161001662461078 orwhdt 20 0
953738505886226874 yexkin 35 0
953738505886226874 yexkin 35 0
238275736000308871 jzrvvi 28 1
544522060024472676 ulsyzd 43 0
928180291248356673 fyujmp 36 1
214637515462418479 plnmzk 29 0
214637515462418479 plnmzk 29 0
510184747686502456 afpxee 44 0
894440970800467353 lsqarz 36 1
281097292824549358 vfklwu 21 0
585534425048513155 gzloig 44 1
585534425048513155 gzloig 44 1
871001757272497151 rmnznb 29 0
155447981476559938 czgcav 22 0
551994482690643933 elimfq 37 1
846443616614507730 pgbpsd 30 0
846443616614507730 pgbpsd 30 0
122000947738680738 atdaxx 23 1
436356171953754733 kfedjs 38 1
812893392177838530 vayowm 31 0
198460626391690515 gnzzbh 46 1
402706858515784412 rzbcou 39 0
402706858515784412 rzbcou 39 0
889253171539848418 bmvnto 24 1
173820303763721215 mhwqfj 47 1
479369636987895210 xtybkd 32 0
753615068101979097 hgrexy 25 1
753615068101979097 hgrexy 25 1
149172362325833095 sbtpcl 18 0
443729593349925890 dnuspf 33 0
730266827563989897 oaodua 26 1
014532048787864692 ynpggu 41 0
014532048787864692 ynpggu 41 0
410189272901926699 jhrrlh 34 1
706626504125010475 uuktyc 19 0
080195737049974572 fhmelw 42 0
396531059263056379 hcnhqr 27 1
396531059263056379 hcnhqr 27 1
771088282497120374 sohsdl 20 0
057525514611005372 dbivhy 43 1
361991948835067157 nokgut 28 1
647448269059151154 yidjzn 21 0
647448269059151154 yidjzn 21 0
031985473073015959 jvfumi 36 1
337552704297197956 uiyfrc 29 0
622898928412261752 ecaiep 44 1
008347159636146759 ppbtik 37 1
008347159636146759 ppbtik 37 1
304814483850208536 acvwve 22 0
698451615874392631 kowhiz 45 1
974707938098156439 vjyknl 38 0
388264160222238434 gwrvag 23 1
388264160222238434 gwrvag 23 1
665811493346302231 rityfb 46 1
949357825560287216 bvuirv 31 0
255624149584349014 mqolwq 24 1
639273350708433011 xcpwjc 38 0
639273350708433011 xcpwjc 38 0
925710584922397816 hprzox 31 0
220266805146479813 kkkkbs 46 1
506623039360443818 vwmnfm 39 0
992170361584327696 gjnysh 32 1
992170361584327696 gjnysh 32 1
296617594508480791 qwhbxt 47 0
582083816732574598 bqimko 40 0
966530049956638593 mdkxxi 25 1
243077571170512391 xqdacd 18 0
243077571170512391 xqdacd 18 0
557645704394684378 hkfloq 33 1
833982026318768173 sxgotk 26 1
227439230532523170 dkazgf 41 0
523996461657615975 nwbclz 34 1
523996461657615975 nwbclz 34 1
807542785871779973 yrvnyu 27 0
194899916095653778 jewpdh 42 1
590356240019725755 uqyapb 35 1
884903472233809652 elrduw 20 0
884903472233809652 elrduw 20 0
160441795467764658 pytohq 43 1
464718927681856455 akurul 28 0
850355450805810450 kxoczy 21 0
135802672029794437 nspfms 36 1
135802672029794437 nspfms 36 1
441158806043866232 yerqqn 29 0
825715117267940230 jrktdh 22 1
111262341481805035 tmmeiu 37 0
415708662605987032 eynhvp 30 0
415708662605987032 eynhvp 30 0
791177896829051839 plhsaj 45 1
188614128843935815 zyidme 38 0
482161351967997712 kskgry 23 1
778637673191081717 vfdrel 46 1
778637673191081717 vfdrel 46 1
052074006315946514 gsfujg 31 0
458521338539028519 qmgewa 24 1
742088551553192397 bzahjv 47 0
029634783777076394 mmbsnp 32 1
333971097992138199 wyvvac 25 1
333971097992138199 wyvvac 25 1
719440228116222196 htwgfx 40 0
093096542330007992 sgyjsr 33 1
309333773554169999 dsruxm 18 0
786800007578253974 nftxky 41 1
786800007578253974 nftxky 41 1
070447239702117871 qauiot 25 1
376993552926291876 bmolbo 18 0
650240984140363674 mzpwgi 41 1
046807217364248671 wurztd 26 0
046807217364248671 wurztd 26 0
340356439288302456 hgkkgp 19 0
637892663402394453 stmnlk 34 1
911169994626458259 cgnyxf 27 0
317706108840332256 nahjcz 42 1
317706108840332256 nahjcz 42 1
601252429064404051 ynilpu 35 0
987729653088588058 jakwug 20 0
293166985202443835 tudzhb 43 1
678613118436535931 ehfkmw 28 0
678613118436535931 ehfkmw 28 0
954171630650699738 pugnyq 21 1
268528863874473733 zgaydd 44 1
544065095098545530 kbbbqx 29 0
938532318012629516 vodmvs 22 1
234188540236584313 gawpin 37 0
234188540236584313 gawpin 37 0
529425874451676318 qvyauh 30 1
905972085575730315 tirdzu 45 1
209539309799614112 eutomo 38 0
595085530713786118 ohurrj 23 1
595085530713786118 ohurrj 23 1
871324864937760995 zcocee 46 0
285991086161625080 kopfjy 39 0
562447519385717887 vbrqvl 24 1
846984741509871883 fwkaaf 47 0
846984741509871883 fwkaaf 47 0
152251974523755680 qimdna 32 1
536898296747827665 bvnosv 25 0
822344420961901462 mihrfh 40 0
126601751185866469 wcicsc 33 1
126601751185866469 wcicsc 33 1
403250965309858265 hpkfww 18 0
897707286523912262 scdqjr 41 1
193263410547896067 cwftom 34 0
487610742771950044 njgeby 19 0
487610742771950044 njgeby 19 0
863157165895042940 ywahgt 42 1
140623399019907947 jicstn 27 0
454260620233081944 lddvxi 20 1
730517854257153749 wqxgkc 35 1
124066175471937727 hcyjpp 28 0
124066175471937727 hcyjpp 28 0
420622309696091522 rpauck 43 1
704179631810183529 cktxhe 35 0
091416844034048324 nxvhtz 28 1
495983166058122321 yjokgl 43 1
495983166058122321 yjokgl 43 1
781529399272294127 ieqvlg 36 0
065076621406378104 trrgyb 21 1
361343045620232001 edljdv 44 0
757989276844324006 oqmuqq 29 0
757989276844324006 oqmuqq 29 0
032438500068388804 zloxuc 22 1
348795731082263809 kxhihx 37 0
722342055106335686 vkjlms 30 1
018898287320419681 ffkwzm 23 0
018898287320419681 ffkwzm 23 0
312355510544373488 qrezeh 38 0
698702722768465486 befkrt 31 1
083249045782529481 lrhndo 46 0
389715277916404288 olayij 39 1
389715277916404288 olayij 39 1
673354700130476263 zycbvd 24 1
959601922354550161 kldmaq 47 0
355158156578414166 ufxonk 32 1
649614487592506963 fsyzsf 25 0
649614487592506963 fsyzsf 25 0
926261611716660968 qfacea 18 1
230508932930545745 brtnju 33 1
616074166155617743 lmvywh 26 0
990611498379791548 wzobbb 41 1
990611498379791548 wzobbb 41 1
206960621593555545 hlqmow 34 0
680437923417649340 rgrptr 19 1
977073156641701348 ctlafl 42 1
271520588865686123 nfmdsy 27 0
557887802089750220 ysooxs 20 1
557887802089750220 ysooxs 20 1
943434033203832027 inhrkn 43 0
247970367227796022 tzjcpi 28 0
534447598441880020 emkfbu 21 1
818894812665842805 oheqgp 36 0
818894812665842805 oheqgp 36 0
214332044889727802 rtfttj 29 1
508889377003891607 cgheye 44 0
884446599027973605 ntaglz 37 0
198793802241837400 xncrql 22 1
198793802241837400 xncrql 22 1
575239234475921407 iaducg 45 0
859706467699083284 tnxfpa 38 1
165153789713968389 dzyiuv 22 1
441690913937922187 ouathq 45 0
441690913937922187 ouathq 45 0
835168244951014182 zhtemc 30 1
131705478175978989 ktvhzx 23 0
426052799390052964 uowsdr 38 1
802518923514124762 fbqvqm 31 1
802518923514124762 fbqvqm 31 1
106165255738209769 qnrgvh 46 0
492612478752163564 baljit 39 1
776979680986255561 lvmuno 32 0
182525113100219566 whoxai 47 0
467064345324193344 huhied 40 1
467064345324193344 huhied 40 1
743531669548265449 rpjlrq 25 0
059978890562349246 ubkvek 18 1
433424124786204241 foeyjf 33 0
729971355900396049 qbfjwz 26 0
729971355900396049 qbfjwz 26 0
023238679024450026 avhmbu 41 1
300885801248334821 liaxnh 34 0
794321134462308828 wvcasb 27 1
070898356486480623 gpdlfw 42 1
070898356486480623 gpdlfw 42 1
384247769610345621 rcxwkq 35 0
760783091834439426 cpyzxl 20 1
045250224058511403 nbakby 43 0
351897546272475300 xwtnos 28 1
351897546272475300 xwtnos 28 1
637144770296569306 ijvybn 21 1
021600001410621103 tvwbgh 36 0
327257235634406108 dqqmtu 29 1
601704556859570185 odrpyp 44 0
601704556859570185 odrpyp 44 0
998063780073652981 zptakj 37 1
392619012097516988 kcmcpe 30 1
688156235211600783 uxoncy 45 0
962623647345762780 xjhqhl 38 1
962623647345762780 xjhqhl 38 1
268969970569647587 iwjbuf 23 0
652516102783711563 srkeza 46 0
939063426907793460 ddeplv 31 1
245320657921657465 oqfsqp 24 0
245320657921657465 oqfsqp 24 0
629978981145741262 zdhddc 39 1
915415102369803268 jxagqw 32 0
219982436583788065 ukcrvr 25 0
595329667707852042 fxdcim 40 1
980875891721934847 qjxfmy 32 0
980875891721934847 qjxfmy 32 0
286342313955898844 aeyqzt 47 1
570989546179882640 lraten 40 1
856235858393944647 wdteri 25 0
250792081517029622 gyvhwd 18 1
250792081517029622 gyvhwd 18 1
546341303531993529 rlwrip 33 0
823888537655075525 cxqunk 26 1
137154868879139322 nkrfae 19 1
513701082094013329 xftinz 34 0
513701082094013329 xftinz 34 0
897248313218185124 armtsu 27 1
103595547432169101 leowfg 42 0
487051779456024907 vzphjb 35 0
874608292680118904 gljkwv 20 1
874608292680118904 gljkwv 20 1
178147424804270709 rykvbq 43 0
454414737028154706 cleyod 28 1
848060969242228584 mfgjtx 21 0
144507283266300689 xshmgs 44 0
144507283266300689 xshmgs 44 0
431074414480265486 ifbxkm 29 1
715410748604259481 sacixh 22 0
111967969828311288 dmelcu 37 1
405424193942295284 ozxwpo 30 0
405424193942295284 ozxwpo 30 0
781073424966369261 zmzycj 45 0
095329658180441066 jgajhd 38 1
472886170314306063 utumty 23 0
766433303538490861 fgvxyl 46 1
062770615752552866 qaxalf 39 1
062770615752552866 qaxalf 39 1
346246848976336643 anqlqa 24 0
732793160990400748 dasodu 47 1
038330394114582545 omtzih 32 0
323686625339447541 yhncuc 25 1
323686625339447541 yhncuc 25 1
709145849553531348 juonzw 40 1
003792070777693345 ugqqmr 33 0
399239304791577120 fbjbzl 18 1
673505736905641128 poleey 41 0
673505736905641128 poleey 41 0
089152059129623923 aaepqt 34 0
364699281243588920 lngavn 19 1
640166594467672725 vihdii 42 0
954502716481734702 gubnnc 27 1
954502716481734702 gubnnc 27 1
330051040605618808 rhcqap 20 0
626518271829782605 cuebfk 34 0
920965505043864602 moxere 27 1
207411726267929407 xbzpwz 42 0
207411726267929407 xbzpwz 42 0
691978950481713405 ioasjl 35 1
977425281405877280 siudog 28 1
281861615639959287 dvvgbb 43 0
667338937853823082 gixrov 36 1
667338937853823082 gixrov 36 1
941877160077907089 ruqusq 21 0
258424474291069887 bpsffc 44 1
532770695215954862 mctikx 29 1
928237929439018769 xontxs 22 0
224884151553090764 hjowcm 37 1
224884151553090764 hjowcm 37 1
508321384778964552 swqhph 30 0
895697606992048557 dijktt 23 0
299234839916100354 ovlugo 38 1
585781361130085339 yqmflj 31 0
585781361130085339 yqmflj 31 0
869259595364159336 jcgiyd 46 1
175696816588231134 uphtlq 39 0
559143040702195139 fkbwpk 24 0
836600371926189936 pwchcf 47 1
836600371926189936 pwchcf 47 1
140056575940241911 ajekha 32 0
526593807164126819 lwxvuu 25 1
812060030388290814 vqzyzh 18 0
116517262502372611 gdajmb 33 0
116517262502372611 gdajmb 33 0
492955585726236618 jqumqw 26 1
887402717740320414 ukvxdq 41 0
183969240874482491 exxail 34 1
477515472098267296 pkqlvy 19 1
477515472098267296 pkqlvy 19 1
753852796212331293 awsoas 42 0
157329927436413098 krtznn 27 1
443976251450377096 venbzh 20 0
728412452674461871 gqomeu 43 1
034781686898523978 rlqxrp 28 1
410328918013408975 byjawj 21 0
794875141237572771 mkllje 36 1
000141463451556778 xxmooy 29 0
384788896475418573 hsgzal 44 0
384788896475418573 hsgzal 44 0
771235128609502550 sehcfg 37 1
075792342823666355 drjnsa 21 0
351048673047749353 oecqxv 44 1
745685807161613150 yyebkp 29 0
745685807161613150 yyebkp 29 0
041154138185797155 jlxexc 22 0
335600332309859932 myzpbx 45 1
612047563523643038 xsasor 30 0
018594897747727835 hfudtm 23 1
018594897747727835 hfudtm 23 1
302051029961880830 ssvggy 38 1
688607342985774637 dexqlt 31 0
992944774109838632 nzqtxo 46 1
379411007333910410 ymseci 39 0
379411007333910410 ymseci 39 0
663060229557884417 jythpd 24 1
969306553771968412 utnsup 47 1
243873784995920219 egodhk 40 0
639410018919815215 psqgmf 25 1
639410018919815215 psqgmf 25 1
933966219133979092 afjryz 18 0
220223443357051197 kalulu 33 1
606770775472925994 vmmfqg 26 1
900327908696009991 gzgidb 41 0
900327908696009991 gzgidb 41 0
296883420610161797 ruhtiw 34 1
570132653844056794 bgjwvq 19 0
986779985068010579 etchzd 42 0
261246109282192576 pgekmx 35 1
261246109282192576 pgekmx 35 1
547782430406056372 zafvrs 20 0
851139664420140379 knzxen 43 1
237686895644202174 vaaijh 28 0
521142199868187151 guulwu 21 0
807599320082251058 qhvwio 36 1
807599320082251058 qhvwio 36 1
104038654206335054 buxznj 29 0
598505886420197851 mgqkae 44 1
874141309444281856 wbsvfy 37 1
188498531678345853 hotysl 30 0
188498531678345853 hotysl 30 0
564965864792228639 sanjwf 45 1
848502086916392636 dvomja 38 0
155058310130476433 niqxov 23 1
439315541154338438 yvjabh 46 1
439315541154338438 yvjabh 46 1
825864775378422235 jhllgc 31 0
129401096592586211 ucnotw 24 1
405977200717569118 epgzxr 39 0
791224532931433113 hbickm 31 0
791224532931433113 hbickm 31 0
196861955955517910 swjmxy 24 1
482317287179679916 cjdpct 39 0
766874410303563713 nveapn 32 1
072221742527627790 yigdui 47 0
072221742527627790 yigdui 47 0
456768966741700595 jdzogd 40 0
733236197965674592 tpbrlp 25 1
047683421989658398 ecucyk 18 0
423120652003710395 ppwfde 33 1
423120652003710395 ppwfde 33 1
717697976227604370 zjxqqz 26 0
013233187441768277 kwrbvm 19 0
399580411665840275 vjsehg 34 1
784057833689715070 gdupub 27 0
784057833689715070 gdupub 27 0
080593166813899077 qqnszv 42 1
374142398037951872 bdpdmq 35 1
650409621251745850 mpqgrd 20 0
054956843475809655 wkkrex 43 1
340592077499981652 hxluis 28 0
340592077499981652 hxluis 28 0
625069308613856457 kjnevm 21 1
931316532837930454 veghah 44 1
315953853051094232 frisnt 29 0
691409067276986337 qdjvso 22 1
691409067276986337 qdjvso 22 1
907768599290040134 bqdgej 37 0
281315712314024139 mlejjd 30 0
678851044548997937 wxguwq 45 1
972328277762071932 hkzxjk 38 0
972328277762071932 hkzxjk 38 0
258775509986135919 sfbiof 23 1
642212722100027716 crclba 46 0
948788954124181711 newwfu 39 0
232225288348265519 yrxhsh 24 1
232225288348265519 yrxhsh 24 1
519672419562128514 jlrkxb 47 0
913131733786112391 tysvkw 32 1
209687944900276496 eluypr 25 1
585234478924158294 pfnjcl 40 0
585234478924158294 pfnjcl 40 0
899591690148222299 zsplgy 33 1
275048923372306096 kfqwts 18 0
560684155596469093 nrkzgn 41 1
866931388610353878 ymlkli 34 1
866931388610353878 ymlkli 34 1
140498600634417876 iznnyu 18 0
536046834858499671 tlgydp 41 1
830593165072363678 egibpj 26 0
127850399296447473 otjmue 19 0
127850399296447473 otjmue 19 0
501407610411500451 zfdphz 34 1
807943024635494558 kseaml 27 0
193410356659558353 vngdzg 42 1
477857579883630350 fzzoda 35 0
883304801007504155 qmbzqv 28 0
883304801007504155 qmbzqv 28 0
168872034221588153 bzccdq 43 1
444319266445641938 ltwnic 36 0
758766589469535935 wgxqvx 21 1
134222711683699730 htzaar 44 0
134222711683699730 htzaar 44 0
428779045807773738 snsdmm 29 0
704116266921645535 cauorz 22 1
009683590145729510 nnnret 37 0
495139901169883417 qzpcjo 30 1
495139901169883417 qzpcjo 30 1
771776235383676412 buqfwi 45 1
085025457517730210 lhkqbd 38 0
461582680731814215 wtltnq 31 1
745138912955786012 honesk 46 0
745138912955786012 honesk 46 0
052685145179860099 rbghff 39 1
336942469193924095 cnissz 24 1
722598691317817892 najvxu 47 0
026035924531971897 yvdgkh 32 1
026035924531971897 yvdgkh 32 1
302502146755955694 ihejob 25 0
696841679970827679 tugubw 40 0
093497801994901577 epzfgq 33 1
389964115118065572 obbhtd 26 0
389964115118065572 obbhtd 26 0
663401336242958379 zocsyy 41 1
979858560466032376 kbwvls 34 0
353314891680196172 vvxgpn 19 0
639861025604088159 fizjch 42 1
944208346828042954 qvsupu 27 0
944208346828042954 qvsupu 27 0
320777570042126951 tpuxup 20 1
614223802266299756 dcnihj 35 1
910860025480173754 opplle 28 0
294117557604237531 zbqwyy 21 1
294117557604237531 zbqwyy 21 1
681673780628319636 kwkzdl 36 0
987220092852283633 ujlkqg 28 1
271767216076367439 fvnnva 43 1
557034447290320436 qqgyiv 36 0
557034447290320436 qqgyiv 36 0
951580771414214221 bdibmh 21 1
247129902438378208 lpjmzc 44 0
522696226552450003 wcdwex 29 1
838933458776324001 hxezrr 22 1
838933458776324001 hxezrr 22 1
212589781990408808 rjgkem 45 0
598046103115563803 cwznjy 30 1
802393436139455680 njbyvt 23 0
188949668353419786 ydcbao 38 0
188949668353419786 ydcbao 38 0
575406872587593583 iqwmni 31 1
879955193701465588 tdxpsd 46 0
155392327925549385 wxzafp 39 1
549848658149603381 gksdkk 24 0
549848658149603381 gksdkk 24 0
845305872163596168 rxuowe 47 0
139952103387650165 ckvrbz 40 1
416209337501734160 nepcom 25 0
810765669725506967 xrqfbg 18 1
106312082849680963 iekqgb 33 1
106312082849680963 iekqgb 33 1
480851314863744740 tymtsv 26 0
796128547087637845 dlndxq 41 1
172664759211791642 oyhgkd 34 0
467211073435875640 zkirpx 19 1
467211073435875640 zkirpx 19 1
763588204659747445 kfkccs 42 1
047024538673821442 usdfhm 35 0
433671759897885227 fefqth 20 1
737138083011778224 qzgtyu 43 0
737138083011778224 qzgtyu 43 0
023485215235832020 amaelo 28 0
408033548450916027 lybhqj 21 1
704590960674888822 wldsdd 36 0
098047193698962809 zgwvqq 29 1
098047193698962809 zgwvqq 29 1
374484425822026707 jsygul 44 0
780930638046119702 ufzjhf 37 0
065497950160973709 fatuma 30 1
341044184384057504 qmuxzu 45 0
341044184384057504 qmuxzu 45 0
655390415308129501 azwieh 38 1
031859639522003387 lmpkrc 23 1
325306960746167384 wgrvvw 45 0
601743194960252181 gtsyir 30 1
601743194960252181 gtsyir 30 1
906219626184114186 rgmjnl 23 0
392756849108298984 canuay 38 1
676303071322262969 nnhxnt 31 1
982670304556144866 xaiisn 24 0
366116536770208861 imklei 39 1
366116536770208861 imklei 39 1
642765830994383668 thdwju 32 0
959222061118255664 dufzwp 47 1
233578395132339461 oggkbk 40 1
629115516356493448 ztanoe 25 0
629115516356493448 ztanoe 25 0
923682840470385243 cobysz 18 1
219139072694349241 madbfl 33 0
593575505819423246 xnwmkg 26 0
990022727833396043 iiypxb 19 1
990022727833396043 iiypxb 19 1
284589950057470028 suzzcv 34 0
631825692347225689 imlpjk 42 1
631825692347225689 imlpjk 42 1
925372826561309686 thfsof 35 0
322839157785261481 eugdbz 20 1
616285371709255488 hgiggu 43 0
992732502933319484 rtbrtp 36 0
992732502933319484 rtbrtp 36 0
396299836157294261 coduxb 21 1
682746058371366266 naefkw 44 0
966182581595440063 xnyixq 29 1
273651793519304060 iiztcl 22 0
659198026733496966 tubvpy 37 0
659198026733496966 tubvpy 37 0
933744248957550943 ehugus 30 1
249011571071335748 ouwjgn 45 0
523558703296407745 zoxulh 38 1
919105937410581541 kbrfyc 31 0
919105937410581541 kbrfyc 31 0
214461258444445548 uosidp 46 0
590918482668537345 fiutqj 39 1
884557713882691320 qvnwve 24 0
280024137006576128 biphhy 47 1
280024137006576128 biphhy 47 1
574370469220648123 luqkmt 32 1
851917672244622920 wpkvzg 25 0
255464904468586025 hclyma 39 1
541920127682668802 kofjrv 32 0
541920127682668802 kofjrv 32 0
827277459806732808 ujgmep 25 1
131824683020617805 fwixic 40 1
517381814044779602 qibavx 33 0
802839138278863607 avdkar 18 1
802839138278863607 avdkar 18 1
108276369392927405 lqennm 41 0
482743693516709480 wdyysg 26 0
878280014730873287 hpzbet 19 1
172836348954957282 rcbmjo 34 0
468103570978810089 cxuxwi 27 1
468103570978810089 cxuxwi 27 1
743640883192904187 njwajd 20 0
149297005316068962 xwxlox 35 0
435555238530940969 irrobk 28 1
719002560755014764 tdszff 43 0
719002560755014764 tdszff 43 0
125649794779098762 equcsz 36 1
409195015903953567 odnnxu 21 1
786462249127045564 zxpqkg 44 0
090009770341109349 kkqbpb 29 1
090009770341109349 kkqbpb 29 1
476556994565083346 mxkecw 22 0
760012226589155344 xrlpgq 45 1
066361459603239149 ienrtl 30 1
340908761827194246 trgcyx 23 0
340908761827194246 trgcyx 23 0
737475984041186021 ddifls 38 1
033921116265240029 oybqym 31 0
327368440489124824 zldtdh 46 1
603835661413296821 kxeepc 39 1
603835661413296821 kxeepc 39 1
087371995637370628 usyhuo 24 0
394728126851235623 ffzshj 47 1
678285650075327401 qrbdmd 40 0
964734871299401406 aeugzy 25 0
964734871299401406 aeugzy 25 0
368380105213365293 lzwrel 18 1
644647337437357298 wlxuqf 33 0
938194640651411196 hyrfva 26 1
335731862875396171 rtsiiu 41 0
335731862875396171 rtsiiu 41 0
621287095090468978 cfutvp 34 0
905544327914542975 nsnwac 19 1
211091541148406970 pfpgmw 42 0
695649872362598778 azqjrr 34 1
971106206586652773 lmkuel 19 1
971106206586652773 lmkuel 19 1
286453537700437550 wzlxjg 42 0
562090751924509555 gtniwt 27 1
956566083948683353 rgglbn 20 0
252803216162747358 ctiwni 35 1
252803216162747358 ctiwni 35 1
536450428386639255 mfjzsc 28 1
822927741500793232 xadkfp 43 0
229465973724878037 inevkk 36 1
513812207748732035 tzyyxe 29 0
513812207748732035 tzyyxe 29 0
899379428972724830 dmzjkz 44 0
293826752196888837 ohbmot 37 1
589472183310762632 ztuxbg 22 0
863739417434834610 jgwagb 45 1
863739417434834610 jgwagb 45 1
170286638458918417 ubxltv 30 0
554722962672873412 fnrnyq 23 0
830379194896965419 qasylk 38 1
144638307010029314 snubpx 31 0
144638307010029314 snubpx 31 0
420185629234803392 dhnmcs 46 1
816731852459975197 oupphm 39 1
111098184483059194 zhqauh 32 0
497545308607914999 jbkdht 47 1
497545308607914999 jbkdht 47 1
781182639821006997 uomolo 40 0
187658063045160794 fbnryj 25 1
471995394269044779 pnhcdd 18 1
758544518283116576 aiifqy 33 0
152010740407190572 lvkqvk 26 1
152010740407190572 lvkqvk 26 1
448557073521055379 whdbif 41 0
722904205745147474 gcfema 34 1
038461508969201251 rpypzu 27 1
414917732983185258 cbasep 42 0
414917732983185258 cbasep 42 0
709554063117257054 mobcrb 35 1
005801287331331051 xjvfww 20 0
389370719555296056 ivwqjr 43 0
775816942779288853 liytvl 28 1
775816942779288853 liytvl 28 1
079463274793342839 vdreay 21 0
365720497917226636 gpthns 36 1
640277629131398631 rcussn 29 0
046813953355472438 bpovfi 22 0
046813953355472438 bpovfi 22 0
330180174579337535 mjpgkc 36 1
616637488794421311 xwrjwp 29 0
022273619718583318 ijkubj 44 1
306742943842567113 sdmxoe 37 1
306742943842567113 sdmxoe 37 1
683089165066431110 dqnitz 22 0
997636698280513916 odhtgt 45 1
373192820404678913 zpiwtg 30 0
667649153428562790 jkkhxa 23 1
667649153428562790 jkkhxa 23 1
963096375642624795 uxdjkv 46 1
247553509866708592 fjfupq 31 0
634009830080672598 pwgxcc 24 1
938548054204654695 araihx 39 0
938548054204654695 araihx 39 0
224995365228718470 ldbltr 32 0
500451599452603477 oqvwym 47 1
984908820676765273 ylwzlg 40 0
290355244890849270 jxykqt 25 1
575812576014703077 ukrndo 18 0
575812576014703077 ukrndo 18 0
861368709238895072 extyii 41 0
265905931152959859 prubud 26 1
541272254376734855 aeomhx 19 0
835721486590806652 lrppmk 34 1
835721486590806652 lrppmk 34 1
232367710714980657 vlrazf 27 0
526834931939844554 gykdez 42 0
802171245953936552 rlmoru 35 1
118727476187090337 bxnyvg 20 0
118727476187090337 bxnyvg 20 0
592284700301975334 mshbib 43 1
878731122525047139 xfimnw 36 1
183088455749021136 iskpaq 21 0
469646687763985132 smdafl 44 1
469646687763985132 smdafl 44 1
853193810987077919 dzfdsx 29 0
159430132101131914 omgoes 22 1
433087366325016711 qyarjn 37 1
729543697549180719 btbcwh 30 0
729543697549180719 btbcwh 30 0
124090811663262614 mgdfbc 45 1
410447122687126611 xswqoo 38 0
796904356811110496 hnytsj 31 0
190452887035272493 sarefe 46 1
486099001259157299 dmthky 39 0
486099001259157299 dmthky 39 0
760366233473221296 ozusxl 24 1
077802566497303093 yuovcf 46 0
451459788611267078 jgpfpa 31 0
737926011835351876 utritv 24 1
737926011835351876 utritv 24 1
041263243059413871 eoktgp 39 0
327819577273498678 pametc 32 1
711376798298362773 annhyw 25 1
018625022422444770 lahslr 40 0
018625022422444770 lahslr 40 0
394162233646508556 vuivqm 33 1
688718767760492553 ghkgcg 18 0
084285989984554350 rudjht 41 1
378522112108639355 tgfuun 26 1
378522112108639355 tgfuun 26 1
654178444122503153 ebgxzi 19 0
059635667346585138 poaimd 34 1
345182999560649935 aablrp 27 0
629521123784533930 kvdwdk 20 1
629521123784533930 kvdwdk 20 1
935097454908615737 viwzqe 35 1
319544678922779835 guykvz 28 0
606181909156664630 qhzniu 43 1
902458313370726617 bctxng 36 0
902458313370726617 bctxng 36 0
286994644594800412 mouaab 21 0
672541868718674410 xbolev 44 1
976008090732756215 hwpwrq 29 0
064210932832246041 jlaipt 41 1
348657366056320048 uybluf 26 0
348657366056320048 uybluf 26 0
734103588270493843 ekdwha 19 1
038670811394377841 pfwhmv 34 1
325217043518431648 asykyp 27 0
709564376532523643 kervdk 42 1
709564376532523643 kervdk 42 1
005020578756487620 vztxqw 35 0
399677802970461426 gmuivr 28 0
675916033194534423 ryolim 43 1
061462357328618228 blpwmg 36 0
061462357328618228 blpwmg 36 0
366039588542572325 mgrzzb 21 1
642576812566666100 xskken 44 0
936823244780728108 ifmnri 29 0
332489467904602905 sanyed 22 1
332489467904602905 sanyed 22 1
626936799128776900 dmhbjx 37 0
903473922342759797 gzjmvk 30 1
207840254366613793 qmkpae 23 1
693398458580707570 bgeanz 38 0
693398458580707570 bgeanz 38 0
977835789605869575 mtfdsu 31 1
283302913839743372 xghofo 46 0
669748234053817379 haarkb 39 1
944295468077990275 snccwv 24 1
944295468077990275 snccwv 24 1
250752891291854252 dadmbq 47 0
534109123415848257 nmxpol 32 1
920655347639900054 yhyabf 25 0
224194678853884050 jusdgs 47 1
224194678853884050 jusdgs 47 1
500761802077958857 ugtotm 32 1
895008133091031852 etvrxh 25 0
291554337215995639 poockc 40 1
585111669439079636 aaqfpo 33 0
585111669439079636 aaqfpo 33 0
861668892663141432 knrqcj 18 0
177915114887925439 vilthd 41 1
551571347801089334 gumety 26 0
838020779925172311 jhohyt 19 1
838020779925172311 jhohyt 19 1
142567003149036117 tuhslf 42 0
528833224363110114 eojvya 27 0
812480558587282911 pbkgdu 20 1
118927789501166916 aoejqp 35 0
118927789501166916 aoejqp 35 0
492294013725220714 kiftuk 28 1
889830215940213799 vvhehw 43 1
183387548174177596 giahmr 36 0
479844770398251591 qucszl 21 1
479844770398251591 qucszl 21 1
755293093512325598 bpdveg 44 0
159749425536207494 mcxgrt 37 1
445286658750361471 xoyjvn 22 1
720853980974456278 hjauii 45 0
720853980974456278 hjauii 45 0
036199104198518273 swtxnc 30 1
410646435212392071 diviax 23 0
796203669236466076 nvolnj 38 0
000750980450548873 yqqwse 31 1
000750980450548873 yqqwse 31 1
387008114674402858 jcrzez 46 0
771565426808596655 mplkjt 39 1
077112659022659653 wkmnwo 32 0
353659871046533458 hwoyba 47 0
353659871046533458 hwoyba 47 0
747925304260607555 sjhaov 40 1
043562536484689330 cwjltq 25 0
338019860608543338 nqkofk 18 1
614385081822637133 ydezkf 33 0
614385081822637133 ydezkf 33 0
018922315046790130 jqfkxr 26 0
304471546060674135 tkhnkm 41 1
688938860285748932 exayph 34 0
994384092409820910 pkcbbb 27 1
994384092409820910 pkcbbb 27 1
379821305533784715 zwdmgo 42 1
665378537757778712 krxpti 35 0
961945950771831517 veyayd 19 1
245281282995715615 gqadly 42 0
245281282995715615 gqadly 42 0
631738415119889490 qdtoqs 27 1
935397747333961497 byvrcf 20 1
222844961557825294 mkwchz 35 0
606180292551919299 pxqfuu 28 1
606180292551919299 pxqfuu 28 1
982657426775092097 zsrpzp 21 0
296204747999856092 kelsmj 36 0
572540971123940879 vrmdzw 29 1
966017183347004874 feogdq 44 0
966017183347004874 feogdq 44 0
263654416561986672 qyhrql 37 1
549103838585040677 bljcvg 22 0
833469161709135774 mykfis 45 0
239016393823097551 wseqnn 30 1
239016393823097551 wseqnn 30 1
523563627047171556 hfftah 23 0
809000848261145354 ssheec 46 1
104476172285027359 ceahrx 31 1
590913303409181156 nzcswj 24 0
590913303409181156 nzcswj 24 0
874460627624276151 ymdvje 39 1
180026858858338939 jzxgwy 32 0
564375062072212934 ttyjat 47 1
841822594096386731 egauno 40 1
841822594096386731 egauno 40 1
157389717210468738 pttwsa 25 0
431735049434222633 rfvhfv 18 1
827272272658317611 cawkkp 41 0
121749594872479416 nnqvxk 26 1
121749594872479416 nnqvxk 26 1
407396728896353413 yzrybx 19 1
792632059010427218 iutjor 34 0
198101283134509216 thmmtm 27 1
482748504358463213 etoxgg 42 0
482748504358463213 etoxgg 42 0
768294738582557098 pghilb 35 0
072551940706610095 zbjlyo 20 1
458108473720494890 knkwki 43 0
735655695944568898 vaezpd 28 1
735655695944568898 vaezpd 28 1
049191928168640793 fvfkcx 21 0
425568150382504770 qhhnhs 44 0
719007474506698575 buayuf 29 1
015554605520751573 mhcbzz 22 0
015554605520751573 mhcbzz 22 0
399810939744635370 wbdllu 36 1
786467160969709375 hoxoqo 29 1
080914384193783172 kbyzdb 44 0
376471615317645157 unaciw 37 1
376471615317645157 unaciw 37 1
650827049231739955 fitnvq 22 0
056364351455894950 qvvqil 45 1
342831574679776757 bhwbmf 38 1
627479806893840854 lcqezs 23 0
627479806893840854 lcqezs 23 0
933726039017924830 wprpen 46 1
317293351231886637 hbtarh 31 0
693830585255870632 romdwc 24 0
907386816479935439 cjooiw 39 1
907386816479935439 cjooiw 39 1
283643040693817435 nvirnj 32 0
678290261827981232 yijcae 47 1
974737595041065217 idlffy 40 0
258285927067927014 tpeqst 33 0
258285927067927014 tpeqst 33 0
644652230281011011 ecgsxf 18 1
940199452405176817 ophdja 41 0
235645785629158914 zjbgwu 26 1
511902917743012799 kwcrbp 19 1
511902917743012799 kwcrbp 19 1
915559231767106796 njeuok 34 0
201096462981268592 xdxftw 27 1
585562696105142599 iqzigr 42 0
891911927320217396 tdatkl 35 1
891911927320217396 tdatkl 35 1
276458141554399391 epuwxg 28 1
562925672778253378 okvhcb 43 0
866561806792247174 zxxkpn 36 1
142818108916309171 kjqvui 21 0
142818108916309171 kjqvui 21 0
538375331130283976 uesghc 44 1
832921663354357073 frtjtx 29 1
129478896578430859 qdnuyk 22 0
503715118592394856 bqoxle 37 1
503715118592394856 bqoxle 37 1
889384342716488653 llqhqz 30 0
193820573930542658 wxjkdt 23 0
479177807064324455 hklvho 38 1
863644028288498451 rfeyub 31 0
863644028288498451 rfeyub 31 0
160281552202573238 crgjzv 46 1
444737784426435233 nehmmq 39 0
730094087640529030 qrbxrk 24 0
136641219864683038 alcaef 46 1
136641219864683038 alcaef 46 1
420180542088565933 lyelis 31 0
706656774202639910 wlxovm 24 1
001003097226614915 gxzzih 47 1
497540229440576712 rsacnb 32 0
497540229440576712 rsacnb 32 0
771016453665660718 cfunao 25 1
087653784899724515 nrvqfj 40 0
461900908013606510 xmxbrd 33 1
747467439037770397 izqmwy 18 1
747467439037770397 izqmwy 18 1
052015663251855395 tlsojs 41 0
338362967375717190 eytzof 26 1
724809198599701197 otncba 19 0
028376422713865092 zfongu 42 0
028376422713865092 zfongu 42 0
304912653737747079 ksqqsp 27 1
699269877951811875 unjbfj 20 0
095726109175996872 fzlekw 35 1
389372332399058679 qmmpxr 28 0
389372332399058679 qmmpxr 28 0
665829664523942674 tzgscl 43 0
979188087747006472 dthdpg 36 1
355735319761088447 ogbgts 21 0
630271543985952444 ztcrgn 44 1
630271543985952444 ztcrgn 44 1
946748864109037249 jneuli 37 0
322185078323199246 uaxfyc 22 0
616632309547083142 fnzidx 45 1
912108533561147129 qzatpj 30 0
912108533561147129 qzatpj 30 0
296545754685221926 auueue 23 1
683094088809183921 lhvghz 38 1
987531210034177729 wtxrut 31 0
273107543258232724 goquzo 46 1
273107543258232724 goquzo 46 1
557444965272114521 rbsfma 39 0
953991298496208506 cntiqv 32 1
247467420610362303 nantdq 47 1
524004744834244301 xvowik 40 0
524004744834244301 xvowik 40 0
830351955058318106 ihqhvx 25 1
214810189272493203 tujkar 18 0
590466410296255088 vplvnm 33 0
804903634410349086 gbmyrh 26 1
804903634410349086 gbmyrh 26 1
180270966634403081 rogjeb 41 0
575827199868385888 cbhmro 33 1
871363611982459883 mwbxwi 26 0
155830844906534681 xicajd 41 0
155830844906534681 xicajd 41 0
541277176120496668 iveloy 34 1
845723300344580463 tixnas 19 0
131292621568544460 dczyff 42 1
418639835782426265 opajsz 27 1
418639835782426265 opajsz 27 1
812186066706590363 zcumxu 20 0
108622390920675148 jwvxkp 35 1
482199511144537145 ujxaob 28 0
798536845369621942 fwqlbw 43 1
798536845369621942 fwqlbw 43 1
173083077593785948 qisogq 36 1
469559590717667745 adtztl 29 0
763198722731631740 lqncgf 44 1
049445055955716527 wconls 37 0
049445055955716527 wconls 37 0
433901287179878522 yxqqxn 22 0
739558501293762520 jkjbch 45 1
024095712417826325 uwlepc 30 0
400362946431908422 fjmpuw 23 1
400362946431908422 fjmpuw 23 1
786918277655872209 pegshj 38 0
090455491879957205 aqhcme 31 0
376724723003911002 ldjfyy 24 1
760361156227803007 vycqdt 39 0
760361156227803007 vycqdt 39 0
067817478241967804 gkebqf 32 1
341374601465041809 rxxeda 47 0
637621933689913687 ckzpiv 40 0
031278167803098684 measvp 25 1
031278167803098684 measvp 25 1
327714388027152489 xrudzk 18 0
601281692241044486 ievgmw 33 1
908628823265008382 tyxrrr 26 1
394176157489182369 dlquem 19 0
394176157489182369 dlquem 19 0
678633378504054164 oysfjg 34 1
984280602738138161 zkuiwb 27 0
368537034952293166 bfntan 42 1
644093357976175964 mspwni 35 1
644093357976175964 mspwni 35 1
959640589190249961 xeqhsd 20 0
235987812314323746 izkjfx 43 1
629454044538185743 smlusk 28 0
925092268752279549 dynxwe 21 0
925092268752279549 dynxwe 21 0
209549579776334546 olgijz 43 1
595816703990216441 ygilou 28 0
992452024114380428 jsjwbo 21 1
286909258338464225 ufdhgb 36 0
286909258338464225 ufdhgb 36 0
562446780562326221 fsektv 29 0
876713913786410028 pmgvxq 44 1
252359235700475023 azzykl 37 0
537808468824357820 lmbjpf 22 1
537808468824357820 lmbjpf 22 1
843375690048421806 vgumcs 45 1
127712923262505603 gtwxpm 38 0
513268145486467608 rgxauh 23 1
817725479400551405 csrlgc 46 0
817725479400551405 csrlgc 46 0
193172680624616502 ensolo 31 1
580628904848790588 pauyyj 24 1
884185135073562385 amnbdd 39 0
170732669297646380 khpmqy 32 1
170732669297646380 khpmqy 32 1
454071891211700187 vuqpvt 47 0
850547114435692183 ggkahf 40 1
144184346659757980 rtldma 33 1
421631579873831967 bonozu 18 0
421631579873831967 bonozu 18 0
735908801097703762 magzep 41 1
111444025111887769 xnicrk 26 0
391297829529044644 jtpzic 45 1
687744253743908629 uojcvw 30 1
961310484967092426 faknzr 23 0
961310484967092426 faknzr 23 0
377657708181154423 pneqmm 46 1
652104939315039429 aafbry 31 0
938761263439103226 luheet 24 0
242217484453285201 whapjn 39 1
242217484453285201 whapjn 39 1
628556718678149108 gucswi 32 0
912123920892133103 roddad 47 1
218679253016295901 cbxgnp 40 0
593116475230170906 moyrsk 25 0
593116475230170906 moyrsk 25 0
989483608254264703 xaaufe 18 1
285020130478326780 ivtekz 33 0
579576364692200586 livhwm 26 1
855013685816374583 vuwsjg 19 1
855013685816374583 vuwsjg 19 1
259482819040456388 gpqdob 34 0
546939140064211385 rcrgbv 27 1
820475364288395160 bptrgq 42 0
136042696402469268 mbmutd 35 1
136042696402469268 mbmutd 35 1
510389829526341065 xwofxx 20 1
896835131740405060 ijpiks 43 0
100492354964599867 svjtpm 28 1
587749786988452863 dqkwch 21 0
587749786988452863 dqkwch 21 0
873298010102536840 odmhhu 44 0
177854241326500645 zpfkuo 28 1
453301565550482642 jchvgj 21 0
847648796774546447 uxayld 36 1
847648796774546447 uxayld 36 1
143115020798630445 fjcjyq 29 0
438751241913593222 pwdmdl 44 0
714208575137677327 arxwqf 37 1
128555707351741124 ldyzva 22 0
128555707351741124 ldyzva 22 0
404112010575623120 oqakhu 45 1
788660232599687927 yduvmh 38 0
075107665713771922 jxvyzb 23 0
471574997837633709 ukxjew 46 1
471574997837633709 ukxjew 46 1
765010111051718704 exqmrr 31 0
041567442285882502 prsxvl 24 1
445934676209964509 aetaiy 39 1
731471909423828304 lrnlvs 32 0
731471909423828304 lrnlvs 32 0
016927121647912381 vdooan 47 1
322586455861974487 gyqzni 40 0
706833686085859284 rljcsu 33 1
082380890209923289 bxlnep 18 1
082380890209923289 bxlnep 18 1
396946311223005086 mkmqjj 41 0
672493545447969083 xfgbwe 26 1
069730876661053869 irhdbz 19 0
363206090885115866 sejool 34 0
363206090885115866 sejool 34 0
649843322019090661 dzcrtg 27 1
933392555033064668 olecfa 42 0
339649887158148464 ryxfsv 35 1
623205000372000441 blzqxq 28 0
623205000372000441 blzqxq 28 0
900752332596194346 mfabkc 43 0
304099566710258343 xsuepx 36 1
690666777734131140 hfvpcr 21 0
974102291958205146 szxsgm 44 1
974102291958205146 szxsgm 44 1
280659422172389943 dmqdtz 29 1
666026756396141928 ozsgyt 22 0
951564978520235925 yltrlo 37 1
257011201744399721 jgnuqi 30 0
257011201744399721 jgnuqi 30 0
531678433768272728 utofdd 23 1
927925766982346525 efqihq 38 1
221461988106420500 pajsuk 31 0
517938112320382408 anlvhf 46 1
517938112320382408 anlvhf 46 1
892585443544466403 lzmgmz 38 0
298822857468430200 vmgjzu 23 0
582390178682313205 ghhudh 46 1
868937302806477002 jtjxqb 31 0
868937302806477002 jtjxqb 31 0
274284633020561088 tgcivw 24 1
559721857254423885 ebeliq 47 0
835397189278507882 pnxwnl 32 0
149844312492671687 aazhay 25 1
149844312492671687 aazhay 25 1
525181644617553685 knakes 40 0
819757867831518460 vhuvrn 33 1
115296099055602567 guvyeh 18 0
490743323279764562 qhxjju 41 0
490743323279764562 qhxjju 41 0
886100744293648369 bbqmwp 26 1
180656058417712367 mosxbj 19 0
476103289631894152 xbtzne 42 1
752660513755759139 hnnksy 27 1
752660513755759139 hnnksy 27 1
156017735989843934 sionfl 20 0
443553068903807932 dvqykg 35 1
727020290127789737 ohjbxa 28 0
033669523341853734 yulmcv 43 1
033669523341853734 yulmcv 43 1
417915745565937519 jpmpop 36 1
793462979789890616 mbgatc 21 0
007029400703984414 wohdgx 44 1
484376624927048419 hjjotr 37 0
484376624927048419 hjjotr 37 0
778812935141920216 svczym 22 0
074489169365994211 diecky 45 1
360936490599078099 nvfnpt 30 0
744275614713931094 ypzqco 23 1
744275614713931094 ypzqco 23 1
040841946737025091 jcabhi 38 0
335388179952189898 tpueud 31 0
611835301076061893 ejvozp 46 1
005291624290135671 pwxrlk 39 0
005291624290135671 pwxrlk 39 0
301748856414219776 ajqcqf 32 1
685295380438072573 kvsfdz 47 1
972752501652166578 vqtqqu 40 0
376100815876220376 gdntvg 25 1
376100815876220376 gdntvg 25 1
662647046090102371 qpoeib 18 0
948114370224276158 bkqhmw 33 1
342551592248350155 mxjszq 25 1
638007825462213950 pjlved 40 0
638007825462213950 pjlved 40 0
913554057686307958 zwmgrx 33 1
229111280800361753 krgjws 18 0
603468502024243730 vdhujm 41 1
989904936248317635 gqjfnh 34 1
989904936248317635 gqjfnh 34 1
293573267262491633 qlciau 19 0
579010481386353630 bxetfo 42 1
964366792500438435 mkfvsj 27 0
260933926726502432 wxzgfd 20 0
260933926726502432 wxzgfd 20 0
546470257950684217 hrajky 35 1
830927471974468215 secuwl 28 0
236283603198532010 drvxbf 43 1
520830936313616017 nmxioa 36 0
520830936313616017 nmxioa 36 0
807379158537579812 yyqltu 29 0
201646481751663890 jlswgh 44 1
597292813775727797 tytzkc 37 0
871739147999609792 esnkxw 22 1
871739147999609792 esnkxw 22 1
187206368113773599 pfoncr 45 1
561642672337757594 ssqypl 30 0
858199803561610392 cejbcy 23 1
154636137785704377 nzlmht 38 0
154636137785704377 nzlmht 38 0
438203359609868174 ymmxtn 31 1
824551582823740171 iygayi 24 1
128098814047814177 tthklc 39 0
414665037261998974 egjnqp 32 1
414665037261998974 egjnqp 32 1
799102369485851959 pscydk 47 0
195458792409845856 zfebie 40 0
489915024623909851 kafmuz 25 1
765562248847881659 vmzpzl 18 0
765562248847881659 vmzpzl 18 0
079819579061955654 fzbamg 33 1
456377783295039451 qucdrb 26 0
732924014219992438 bgwoev 19 0
046461238433086234 mtxrrq 34 1
046461238433086234 mtxrrq 34 1
422737460658140231 wgrcvc 27 0
716374793872922036 hasfix 42 1
012821915996096033 snuqns 35 1
397378448110170819 vantam 20 0
397378448110170819 vantam 20 0
783734670134033916 fupefh 43 1
087283904358127713 qhqhrt 27 0
373720125572281718 bukrwo 20 1
657397459706163715 lglcjj 43 1
657397459706163715 lglcjj 43 1
053643660920237511 wbnfod 28 0
340180894944211598 hogqbq 21 1
624757116168176393 saitok 36 0
930293349382268390 cvjesf 29 1
930293349382268390 cvjesf 29 1
314540671506322196 nidhfa 44 1
690007894720406193 yuesku 37 0
904656326744378970 ihgvxh 22 1
381902559968452075 tczgcb 45 0
381902559968452075 tczgcb 45 0
675469881182516872 eobjpw 38 0
971016005206409878 pbcutr 23 1
265553336430463675 zwwxgl 46 0
641829540654547670 kixily 31 1
641829540654547670 kixily 31 1
947466761678409457 vvzlys 24 0
232913095892593455 xiswln 39 0
518461227017657250 icuyqi 32 1
902828550211530257 tpnjcu 47 0
902828550211530257 tpnjcu 47 0
208375972435604252 ecpuhp 40 1
582812205459788039 ooqxuj 33 1
878488437673540135 zjkize 18 0
273725761897634932 kwllmz 41 1
273725761897634932 kwllmz 41 1
569272982011798937 vinwrl 26 0
843749116245671734 fdgzdg 19 1
249187427269745732 qqikia 34 1
535634641483829517 bcjnvv 27 0
535634641483829517 bcjnvv 27 0
810191975507781514 lpdyaq 42 1
126748106721875319 wkebnc 35 0
500084430945839316 hwgmzx 28 0
886551851169712112 sjzper 43 1
886551851169712112 sjzper 43 1
190108185183886199 cebarm 36 0
476644316307960096 nqcdwz 21 1
861911640521822091 ydwnjt 44 0
167550862755916899 aqxqoo 29 0
167550862755916899 aqxqoo 29 0
441007095979070894 lkzbai 22 1
737543307993955891 wxsefd 37 0
133910520117927676 hkupsp 30 1
427467852332001673 revaxk 22 0
427467852332001673 revaxk 22 0
704904086556965479 crpdkf 37 0
108270517770057476 neqoxz 30 1
494817731794111273 xqkrbu 45 0
778366062818096258 illcog 38 1
778366062818096258 illcog 38 1
084822296032168156 tynftb 23 1
468279528256242151 ekgqgw 46 0
755726741480206958 ofitlq 31 1
059283973604198953 zsjeyd 24 0
059283973604198953 zsjeyd 24 0
335839286628252750 kedhcx 47 1
721176408842336738 uresps 32 1
025643732066209533 fmgvun 25 0
311292963280383530 qyzfhh 40 1
311292963280383530 qyzfhh 40 1
696738497404447335 blbimu 33 0
092085618428339333 dgctyo 18 0
386642942642393338 oswwlj 41 1
662198173866477215 zfxhqe 26 0
662198173866477215 zfxhqe 26 0
976435397080340210 kszkdy 19 1
352002629214424017 umsvil 42 0
637559852138588015 fzugvf 27 0
943095184352470810 qmvjza 20 1
943095184352470810 qmvjza 20 1
329364387576534897 agpumv 35 0
613901619791618692 ltqxrh 28 1
919458043915471690 wgsiec 43 1
294914374139565495 hslljw 36 0
294914374139565495 hslljw 36 0
680361598153629492 rnnwwr 21 1
984818829377501299 cagzim 44 0
270375053591675375 nmikny 29 1
554921275725759172 xzjmat 22 1
554921275725759172 xzjmat 22 1
950260508949614177 iudxfn 45 0
245737730963706974 theasi 30 1
521373063187760979 etglxd 23 0
837820265301644757 gozojp 38 1
837820265301644757 gozojp 38 1
211177598425716752 rbbzok 31 1
597734920649890759 cnccbe 46 0
801280254663775556 mawngz 39 1
288527475887847552 xvxytm 24 0
288527475887847552 xvxytm 24 0
572096609001921359 ihzbyg 47 0
878633930225885434 tusmkb 40 1
162189154459877231 dpupxv 24 0
548456486673931236 obvacq 47 1
548456486673931236 obvacq 47 1
822093619697816034 zopdpd 32 0
139549941811988031 kbqoux 25 0
415006144036062816 uvsrgs 40 1
809453676250126813 filblm 33 0
809453676250126813 filblm 33 0
105990800474018609 qvneyh 18 1
489468131498172606 apgpdu 41 1
775015355612157401 lcisqo 34 0
170352586736029408 wpjdvj 19 1
170352586736029408 wpjdvj 19 1
466829810950103383 hbdghd 42 0
740465032184267381 jwfruq 27 1
146712365108159388 ujguzl 20 1
430259597322213183 fvafmf 35 0
430259597322213183 fvafmf 35 0
716725820546397180 pqbira 28 1
023374022760260966 addteu 43 0
407611555984244963 lpweih 36 0
783188787108308768 wcyhvc 29 1
783188787108308768 wcyhvc 29 1
097724001122290765 gxzsaw 44 0
373271232346354562 rjtvnr 37 1
768548466560438568 cwugsl 22 0
064185797794303445 mrwify 45 0
064185797794303445 mrwify 45 0
348631911918485440 xdptjt 30 1
383801556206700352 znoyuf 42 0
677448789420875439 kzpjza 35 1
973995901644959234 murmmu 20 1
259461234868813232 xhkwrp 43 0
259461234868813232 xhkwrp 43 0
644800466093995039 itmzec 28 1
940357780017069034 sofkjw 21 0
234814991231143811 dbhnvr 44 1
510360425355906817 oniyal 29 1
510360425355906817 oniyal 29 1
914717656579090614 zacbny 22 0
200274970793154619 jvdmst 37 1
585721102917036416 uhfpfn 30 0
891367335931100411 fuyaki 45 0
891367335931100411 fuyaki 45 0
275634657155284399 ppadwc 38 1
551173880379146396 abbojp 22 0
867729114503231391 lovzok 45 1
241096346727295198 wbwcbe 38 0
241096346727295198 wbwcbe 38 0
538533669741177194 gvyngz 23 0
832180071965241971 rirqtt 46 1
128626304189325976 cvtbxg 31 0
502993536303287773 epuekb 24 1
502993536303287773 epuekb 24 1
888530850527372770 pcoopv 39 1
192089081541436576 apprcq 32 0
479555215665318573 lbrchc 47 1
863892536889382458 vwkfux 40 0
863892536889382458 vwkfux 40 0
169449760003466455 gjmqgs 33 1
445905091238328251 rvntlm 18 1
739452225252413258 biheyh 41 0
135899547476577053 mdihdt 26 1
135899547476577053 mdihdt 26 1
420366950690459030 xpcsqo 19 0
706814282814523837 icevui 34 1
100251415038607833 sxfghd 27 1
496728737252469830 djzjmy 42 0
496728737252469830 djzjmy 42 0
770265961276554635 owauzk 35 1
087811192490618632 zjcfef 28 0
461178416614590518 jevirz 43 0
747625647838664515 uqxtvu 36 1
747625647838664515 uqxtvu 36 1
053272971062748312 fdyvih 21 0
337718103986602317 hysgvb 44 1
723087426100795114 sktjaw 29 0
028624838324759190 dxvunq 22 0
028624838324759190 dxvunq 22 0
304170161548633997 okoxsl 37 1
698637393762705992 yeqiey 30 0
094984516786889799 jrrljs 45 1
388531848900943795 uelwwn 38 1
388531848900943795 uelwwn 38 1
664097072124836592 eymzbh 31 0
069544393348990679 plokoc 46 1
355983527573074474 ayhntp 39 0
631450858797846471 lkjyfj 24 1
631450858797846471 lkjyfj 24 1
945996082711920477 vfkbse 47 1
321343504935084274 gsemxy 32 0
615810737159966259 refpkl 25 1
912356049373031056 bzzapg 39 0
912356049373031056 bzzapg 39 0
296903262497115054 mmakba 32 0
682240494411077859 xycngv 25 1
986719728635161856 ilvytp 40 0
272365959859125651 kgxbyc 33 1
272365959859125651 kgxbyc 33 1
556802273073007739 vsymlx 18 0
953179404207172534 gfspqr 41 0
249616738221256531 ratacm 26 1
523262960445118336 bmvdhg 19 0
523262960445118336 bmvdhg 19 0
939729483669202333 mzoout 34 1
213076615883366111 xmqrho 27 0
599623828007248116 hgrcmi 20 0
804181140221213913 stlfzd 35 1
804181140221213913 stlfzd 35 1
280438373245397918 dgmqdp 28 0
574075605469259916 osotqk 43 1
870541839583343711 ynhevf 36 1
154088150707407898 jajhiz 21 0
154088150707407898 jajhiz 21 0
541435384932381695 umkrnu 44 1
847902615956454690 ehecag 29 0
131448049170538498 puffeb 22 1
417097361394392493 agzqrw 45 1
417097361394392493 agzqrw 45 1
811334594518484270 ltateq 30 0
107801706732548275 nocejl 23 1
482347029756422073 yavhwx 38 0
798994251970595078 jnxsbs 31 0
798994251970595078 jnxsbs 31 0
172261585194679875 tiyvnn 46 1
468707716318533872 eusgsh 39 0
762354030542625757 phtjfu 24 1
148613261766689755 auvuko 47 0
148613261766689755 auvuko 47 0
435160595780763550 kooxxj 40 0
739706927804636557 vbqibe 25 1
025273240028710552 gorloy 18 0
409520472242874330 qilwtl 33 1
409520472242874330 qilwtl 33 1
785167685466766337 bvmygf 26 1
099633907480820132 miojta 41 0
376170130604904139 xuhmyv 34 1
760527462828776934 hpjxkp 19 0
760527462828776934 hpjxkp 19 0
066085696042851932 sckipc 42 1
340532917277915817 doelcw 35 1
636189141291807814 ojfwhr 19 0
032426672415961619 qwhzum 42 1
032426672415961619 qwhzum 42 1
327992806639045617 biakzy 27 0
603439028853917414 mvcnlt 20 0
007886351077092499 wqvyqn 35 1
393343563291156296 hcxbdi 28 0
393343563291156296 hcxbdi 28 0
677891886115938291 spymqc 43 1
983448018339022099 dkspvp 36 0
368705342553186094 nwtaik 29 0
644252573777060091 yjvdme 44 1
644252573777060091 yjvdme 44 1
958898897901133978 jwonzz 37 0
234365028925217974 tqqqet 22 1
620612552149171771 edrbrg 45 0
925258773363263776 pqlewb 30 0
925258773363263776 pqlewb 30 0
201727907587227573 acmpiv 23 1
595264239701101558 kxoanq 38 0
991611462725274356 vkhdac 31 1
285157764949358351 gwjofx 24 1
285157764949358351 gwjofx 24 1
561624997163212158 qrkrss 39 0
976971229387304155 teecfm 32 1
252518453511468951 eqffjh 47 0
536084774636342038 pdhqwt 40 1
536084774636342038 pdhqwt 40 1
842521108650315833 zyatbo 25 1
228970339874499830 kkceoj 18 0
512436653098353635 vxdhtd 33 1
819983885212445633 gsxsgy 26 0
819983885212445633 gsxsgy 26 0
193530118436509410 qeyukk 19 0
589897340450683415 brsfxf 34 1
883343643674556412 metica 27 0
179980875898630218 wyvtpu 42 1
179980875898630218 wyvtpu 42 1
453457109012694215 hlowch 35 0
850796330246586010 syqhhb 20 0
144342654260640197 dsrktw 43 1
420819085484724993 nflvyr 28 0
420819085484724993 nflvyr 28 0
834356219608697990 ysmgll 21 1
110602530822771797 jeojqy 44 1
496249764946835792 tzhuds 29 0
701716096160727579 wmjxin 22 1
701716096160727579 wmjxin 22 1
187053229184781575 hzliui 36 0
471609521308865372 stelzc 29 1
777178754522739377 cggwmp 44 1
051615086746812164 nthzrj 37 0
051615086746812164 nthzrj 37 0
447062210971976162 yfbjee 22 1
742528731995860047 iacmqz 45 0
038075965119922044 tnexvl 30 1
312612196333006049 ezxaig 23 1
312612196333006049 ezxaig 23 1
718989410557870846 puzlna 46 0
004435642771953842 zhaoav 31 1
389074975795017629 ktuzfq 24 0
695541107919901624 vgvcrc 39 0
695541107919901624 vgvcrc 39 0
079887400033063421 fbpnwx 32 1
365434632257147429 qnqyjr 47 0
669991966481001224 basbom 40 1
045248189605194221 mnlmbh 25 0
045248189605194221 mnlmbh 25 0
330794511629158106 whnpot 18 0
616331844843032103 zuoaso 41 1
920800076067104909 khidfi 26 0
306147399281288906 vbjokd 19 1
306147399281288906 vbjokd 19 1
682793521405142703 folqxq 34 1
996260855429235788 qbebck 27 0
273707086643399586 bngepf 42 1
667153380867273581 lihptz 35 0
667153380867273581 lihptz 35 0
963610511081245588 wvbsgu 20 1
247167845215329383 hhcdlh 43 1
533704267230483380 scegyb 36 0
937072490354376266 cpxrdw 21 1
937072490354376266 cpxrdw 21 1
224529722578430263 nbzuqq 44 0
508166955792514060 yoafcl 29 0
904433277916486065 ijuihy 22 1
290979401130560863 tvvtus 37 0
290979401130560863 tvvtus 37 0
574426732154524848 eipezn 30 1
880063966378419645 pdqhmh 45 0
265339287592571640 zpssqu 38 0
541888491716655447 cclvdp 31 1
541888491716655447 cclvdp 31 1
855425723940529445 npnfij 46 0
131992146964601240 xjoive 39 1
525238378188765327 iwitay 24 0
821885601302659122 tjjwnl 46 0
821885601302659122 tjjwnl 46 0
106342833526612120 edlhzf 31 1
492899156740796125 oqekea 24 0
898245388664660922 zdgvrv 39 1
182704612888742907 kphywp 32 1
182704612888742907 kphywp 32 1
468251843002806704 vkbjjc 25 0
873698167226790702 fxcmow 40 1
159164378450853507 qjexar 33 0
433601702675937504 bexafm 18 1
433601702675937504 bexafm 18 1
749158024699701309 lrzlsy 41 1
123524257813883487 wdaoxt 26 0
419061589037947282 hquzkn 19 1
714518712251831289 slvkpi 34 0
714518712251831289 slvkpi 34 0
090157034475994086 cxxnbd 27 0
486423268499078081 fkqxop 20 1
780960599613942869 qxsatk 35 0
076517713837024864 arllge 28 1
076517713837024864 arllge 28 1
350084044051088661 lenolz 43 0
757320258185972666 wrozxu 36 0
041977689109035664 hliccg 21 1
327434903323119469 ryjnpb 44 0
327434903323119469 ryjnpb 44 0
731982135547073546 cllquv 29 1
017329468761165343 nxebhq 22 1
391896690985229348 xsgemd 45 0
608343913109303146 ifhpyx 30 1
608343913109303146 ifhpyx 30 1
084789145123178141 trbsls 23 0
378256479347250928 emcdqm 38 1
674793690561314923 ozegdh 31 1
958240824785208721 zlxriu 46 0
958240824785208721 zlxriu 46 0
344618335910360728 kyzcvo 39 1
649155569934444523 utaezj 24 0
935602881158339520 xfupmd 47 0
219248014272491406 isvsry 40 1
219248014272491406 isvsry 40 1
615515346496475403 tnxdel 25 0
909052579610349208 dzqgjf 18 1
285609891634421205 omsrwa 33 0
592175025858585200 zztuau 26 0
592175025858585200 zztuau 26 0
976412356072470088 ktnfnh 41 1
262061570276532085 ugoiac 33 0
566528701400616880 ftitfw 18 1
942874215624580887 qnjwsr 41 0
942874215624580887 qnjwsr 41 0
237411446648562683 aalhxl 34 0
513988760862626680 lnekjy 19 1
827435992086510565 wzgvot 42 0
203771225200673562 huhybn 27 1
203771225200673562 huhybn 27 1
587348457424757369 rhbjgi 20 1
893887770448621365 ctcltc 35 0
170333902562703162 noewxp 28 1
564770236786867147 xbxhkk 43 0
564770236786867147 xbxhkk 43 0
860247457900651944 anzkxe 36 1
144794881134714940 laavcz 29 1
430330112159898747 wvuypl 44 0
834607326373762742 ghvjug 37 1
834607326373762742 ghvjug 37 1
121144648597844749 ruxmgb 22 0
405793871711908626 chqxlv 45 0
801059103935892622 mbsayq 30 1
195506326159955429 xotldc 23 0
195506326159955429 xotldc 23 0
471153658173939424 ibnoqx 38 1
787619882397803221 twozvs 31 0
162966013511987207 diichm 46 0
448503337745049004 ovknmh 39 1
448503337745049004 ovknmh 39 1
752070768969133009 zilqzt 32 0
038516092883098806 kcfamo 47 1
422865203007170803 upgdrj 40 1
728432527221244609 fcioed 25 0
728432527221244609 fcioed 25 0
003979759445028786 qwbziy 18 1
399425082669180581 ajdcvk 33 0
793862204683264588 dwenaf 26 1
089339537807139384 oiyqna 41 1
089339537807139384 oiyqna 41 1
365876769021211381 zdzbsu 34 0
779222993245375368 jqbeeh 27 1
056791214479269163 ucupjb 42 0
330238648694321160 fxwsww 35 1
330238648694321160 fxwsww 35 1
365579659094305046 yjimig 44 1
741916881228467844 jdcxvt 29 0
035482104242541849 uqdaan 22 1
331929336466415646 edflni 37 1
331929336466415646 edflni 37 1
615576660680497643 ppyord 30 0
002832081804552428 akazex 23 1
306389315029446426 lxbcjk 38 0
692938546243500221 vjvnwe 31 1
692938546243500221 vjvnwe 31 1
978495770267682228 gewqbz 46 1
372741092381556023 rrybou 39 0
668388225505630001 cdreso 24 1
943835557729792908 mqtpfb 47 0
943835557729792908 mqtpfb 47 0
359392760953587903 xluskv 32 1
633748082977641700 ixodxq 25 1
919295216191723705 skpgkl 18 0
223752547315697703 dfrrpx 33 1
223752547315697703 dfrrpx 33 1
609300961539771588 orktbs 26 0
994647292753833585 remegm 41 0
290114426777728380 brnpth 34 1
576651658991882388 mlhsyc 19 0
576651658991882388 mlhsyc 19 0
960007971115864185 xyidlo 42 1
266574103339938160 hlcgqj 27 0
550011436563812067 sxdrcd 20 0
837668648687974062 dsfuhy 43 1
837668648687974062 dsfuhy 43 1
241926961601069860 ofyfut 28 0
527473193825923865 yraihf 21 1
801010627049005662 jmbtma 36 1
297586848263179649 uzvwyu 29 0
297586848263179649 uzvwyu 29 0
591833172488953445 elwhdp 44 1
888470303402015442 pyykqc 37 0
164927537626100247 atrvvw 22 1
568483859840064244 lgtyir 45 1
568483859840064244 lgtyir 45 1
854832082064146229 vsuinl 38 0
138379314298200027 gnolzg 22 1
444846517212194122 rapwet 45 0
829192849436276929 tmrhrn 30 0
829192849436276929 tmrhrn 30 0
105739073650231926 ezkkwi 23 1
419206504874125722 pumvjc 38 0
795743728998289709 agnywx 31 1
189199959112361504 kthjak 46 0
189199959112361504 kthjak 46 0
486656283136235501 voimne 39 0
762105414350319306 gakxsz 32 1
056751738574472304 rndaft 47 0
452018960778366181 baflkg 40 1
452018960778366181 baflkg 40 1
746565293902320186 muyoxb 25 0
022102495926402083 xhazbv 18 0
427678728140376089 hubcoq 33 1
713925950364450886 sovntk 26 0
713925950364450886 sovntk 26 0
097562484588513881 dbwpgx 41 1
303011605703407668 ooyatr 34 1
787377839727561663 yardym 27 0
063824160941643661 jvtokh 42 1
063824160941643661 jvtokh 42 1
370461394165417468 uiurpb 35 0
654937616289591463 wuocco 20 1
040284849413653240 hppnhi 43 1
344821171637548246 scrqud 28 0
344821171637548246 scrqud 28 0
630398374651602143 dokbyy 21 1
914836606875784148 nbmelk 36 0
311283030091858945 ywnpqf 29 0
605740261215732942 jihsdz 22 1
605740261215732942 jihsdz 22 1
981297585439794718 tvidiu 37 0
395843718453889715 eikgvp 30 1
671100040677743510 pcdrhb 45 0
957657273891825517 apfumw 38 0
957657273891825517 apfumw 38 0
262294595015999313 kcyezq 23 1
648540729249873390 vwahel 46 0
932009050263935195 gjbsrg 31 1
238656274487020292 rwvvws 24 1
512102585501884290 biwgin 39 0
512102585501884290 biwgin 39 0
908469919725968095 mdyjnh 32 1
203916141949030092 xqruac 25 0
599553464164914877 zctffp 39 1
873029696188078874 kxuisj 32 1
873029696188078874 kxuisj 32 1
279366929302161670 vkotfe 47 0
565915141526025677 gwpwjy 40 1