809091688104406118 ibujhr 41 0
809091688104406118 ibujhr 41 0
183548809128588916 sonmum 26 0
499915133342652913 dbpxzh 19 1
874451345576536798 ovqamt 42 0
150908668790698795 ziklqo 27 1
150908668790698795 ziklqo 27 1
464365890814682590 jvlodi 19 0
740811323038547598 upfzqd 34 0
134350555052629393 fcgcvq 27 1
430827878277793390 qpinik 42 0
430827878277793390 qpinik 42 0
727274000491677175 abbqnf 35 1
101710334615739273 lwdbzz 20 1
407287565839823070 wjeeeu 43 0
791824789853787075 yvyprh 36 1
791824789853787075 yvyprh 36 1
077171010077760872 jqzswb 21 0
482617244201834858 udbdjw 44 1
768286546425918655 fpufoq 29 1
042733979649890650 pcwqal 22 0
042733979649890650 pcwqal 22 0
358079201663954657 axxbnx 37 1
732646434887048454 ljress 30 0
028183756001901450 vwspfn 45 0
325630980125085237 gruskh 38 1
325630980125085237 gruskh 38 1
609096211349059332 rdndxu 31 0
095543435563931139 cqpgbo 46 1
399090666587095135 mdqroj 39 0
685359990711189932 xxkute 24 0
685359990711189932 xxkute 24 0
069905122935044917 iklfgy 47 1
366442425159126714 sxfill 32 0
650919859373290711 drgtyf 25 1
936365180397174517 oeiwca 40 1
936365180397174517 oeiwca 40 1
320802314511136514 zrbhpv 33 0
626359635736220319 bddkcp 26 1
902916869950185396 myevhc 41 0
297264091174267292 xlyxuw 34 1
693701314190331299 ixziyr 19 1
693701314190331299 ixziyr 19 1
987378546314215296 ssbllm 42 0
263825879448377091 dfuwqy 27 1
567161001662461078 orwhdt 20 0
953738505886226874 yexkin 35 0
953738505886226874 yexkin 35 0
238275736000308871 jzrvvi 28 1
544522060024472676 ulsyzd 43 0
928180291248356673 fyujmp 36 1
214637515462418479 plnmzk 29 0
214637515462418479 plnmzk 29 0
510184747686502456 afpxee 44 0
894440970800467353 lsqarz 36 1
281097292824549358 vfklwu 21 0
585534425048513155 gzloig 44 1
585534425048513155 gzloig 44 1
871001757272497151 rmnznb 29 0
155447981476559938 czgcav 22 0
551994482690643933 elimfq 37 1
846443616614507730 pgbpsd 30 0
846443616614507730 pgbpsd 30 0
122000947738680738 atdaxx 23 1
436356171953754733 kfedjs 38 1
812893392177838530 vayowm 31 0
198460626391690515 gnzzbh 46 1
402706858515784412 rzbcou 39 0
402706858515784412 rzbcou 39 0
889253171539848418 bmvnto 24 1
173820303763721215 mhwqfj 47 1
479369636987895210 xtybkd 32 0
753615068101979097 hgrexy 25 1
753615068101979097 hgrexy 25 1
149172362325833095 sbtpcl 18 0
443729593349925890 dnuspf 33 0
730266827563989897 oaodua 26 1
014532048787864692 ynpggu 41 0
014532048787864692 ynpggu 41 0
410189272901926699 jhrrlh 34 1
706626504125010475 uuktyc 19 0
080195737049974572 fhmelw 42 0
396531059263056379 hcnhqr 27 1
396531059263056379 hcnhqr 27 1
771088282497120374 sohsdl 20 0
057525514611005372 dbivhy 43 1
361991948835067157 nokgut 28 1
647448269059151154 yidjzn 21 0
647448269059151154 yidjzn 21 0
031985473073015959 jvfumi 36 1
337552704297197956 uiyfrc 29 0
622898928412261752 ecaiep 44 1
008347159636146759 ppbtik 37 1
008347159636146759 ppbtik 37 1
304814483850208536 acvwve 22 0
698451615874392631 kowhiz 45 1
974707938098156439 vjyknl 38 0
388264160222238434 gwrvag 23 1
388264160222238434 gwrvag 23 1
665811493346302231 rityfb 46 1
949357825560287216 bvuirv 31 0
255624149584349014 mqolwq 24 1
639273350708433011 xcpwjc 38 0
639273350708433011 xcpwjc 38 0
925710584922397816 hprzox 31 0
220266805146479813 kkkkbs 46 1
506623039360443818 vwmnfm 39 0
992170361584327696 gjnysh 32 1
992170361584327696 gjnysh 32 1
296617594508480791 qwhbxt 47 0
582083816732574598 bqimko 40 0
966530049956638593 mdkxxi 25 1
243077571170512391 xqdacd 18 0
243077571170512391 xqdacd 18 0
557645704394684378 hkfloq 33 1
833982026318768173 sxgotk 26 1
227439230532523170 dkazgf 41 0
523996461657615975 nwbclz 34 1
523996461657615975 nwbclz 34 1
807542785871779973 yrvnyu 27 0
194899916095653778 jewpdh 42 1
590356240019725755 uqyapb 35 1
884903472233809652 elrduw 20 0
884903472233809652 elrduw 20 0
160441795467764658 pytohq 43 1
464718927681856455 akurul 28 0
850355450805810450 kxoczy 21 0
135802672029794437 nspfms 36 1
135802672029794437 nspfms 36 1
441158806043866232 yerqqn 29 0
825715117267940230 jrktdh 22 1
111262341481805035 tmmeiu 37 0
415708662605987032 eynhvp 30 0
415708662605987032 eynhvp 30 0
791177896829051839 plhsaj 45 1
188614128843935815 zyidme 38 0
482161351967997712 kskgry 23 1
778637673191081717 vfdrel 46 1
778637673191081717 vfdrel 46 1
052074006315946514 gsfujg 31 0
458521338539028519 qmgewa 24 1
742088551553192397 bzahjv 47 0
029634783777076394 mmbsnp 32 1
333971097992138199 wyvvac 25 1
333971097992138199 wyvvac 25 1
719440228116222196 htwgfx 40 0
093096542330007992 sgyjsr 33 1
309333773554169999 dsruxm 18 0
786800007578253974 nftxky 41 1
786800007578253974 nftxky 41 1
070447239702117871 qauiot 25 1
376993552926291876 bmolbo 18 0
650240984140363674 mzpwgi 41 1
046807217364248671 wurztd 26 0
046807217364248671 wurztd 26 0
340356439288302456 hgkkgp 19 0
637892663402394453 stmnlk 34 1
911169994626458259 cgnyxf 27 0
317706108840332256 nahjcz 42 1
317706108840332256 nahjcz 42 1
601252429064404051 ynilpu 35 0
987729653088588058 jakwug 20 0
293166985202443835 tudzhb 43 1
678613118436535931 ehfkmw 28 0
678613118436535931 ehfkmw 28 0
954171630650699738 pugnyq 21 1
268528863874473733 zgaydd 44 1
544065095098545530 kbbbqx 29 0
938532318012629516 vodmvs 22 1
234188540236584313 gawpin 37 0
234188540236584313 gawpin 37 0
529425874451676318 qvyauh 30 1
905972085575730315 tirdzu 45 1
209539309799614112 eutomo 38 0
595085530713786118 ohurrj 23 1
595085530713786118 ohurrj 23 1
871324864937760995 zcocee 46 0
285991086161625080 kopfjy 39 0
562447519385717887 vbrqvl 24 1
846984741509871883 fwkaaf 47 0
846984741509871883 fwkaaf 47 0
152251974523755680 qimdna 32 1
536898296747827665 bvnosv 25 0
822344420961901462 mihrfh 40 0
126601751185866469 wcicsc 33 1
126601751185866469 wcicsc 33 1
403250965309858265 hpkfww 18 0
897707286523912262 scdqjr 41 1
193263410547896067 cwftom 34 0
487610742771950044 njgeby 19 0
487610742771950044 njgeby 19 0
863157165895042940 ywahgt 42 1
140623399019907947 jicstn 27 0
454260620233081944 lddvxi 20 1
730517854257153749 wqxgkc 35 1
124066175471937727 hcyjpp 28 0
124066175471937727 hcyjpp 28 0
420622309696091522 rpauck 43 1
704179631810183529 cktxhe 35 0
091416844034048324 nxvhtz 28 1
495983166058122321 yjokgl 43 1
495983166058122321 yjokgl 43 1
781529399272294127 ieqvlg 36 0
065076621406378104 trrgyb 21 1
361343045620232001 edljdv 44 0
757989276844324006 oqmuqq 29 0
757989276844324006 oqmuqq 29 0
032438500068388804 zloxuc 22 1
348795731082263809 kxhihx 37 0
722342055106335686 vkjlms 30 1
018898287320419681 ffkwzm 23 0
018898287320419681 ffkwzm 23 0
312355510544373488 qrezeh 38 0
698702722768465486 befkrt 31 1
083249045782529481 lrhndo 46 0
389715277916404288 olayij 39 1
389715277916404288 olayij 39 1
673354700130476263 zycbvd 24 1
959601922354550161 kldmaq 47 0
355158156578414166 ufxonk 32 1
649614487592506963 fsyzsf 25 0
649614487592506963 fsyzsf 25 0
926261611716660968 qfacea 18 1
230508932930545745 brtnju 33 1
616074166155617743 lmvywh 26 0
990611498379791548 wzobbb 41 1
990611498379791548 wzobbb 41 1
206960621593555545 hlqmow 34 0
680437923417649340 rgrptr 19 1
977073156641701348 ctlafl 42 1
271520588865686123 nfmdsy 27 0
557887802089750220 ysooxs 20 1
557887802089750220 ysooxs 20 1
943434033203832027 inhrkn 43 0
247970367227796022 tzjcpi 28 0
534447598441880020 emkfbu 21 1
818894812665842805 oheqgp 36 0
818894812665842805 oheqgp 36 0
214332044889727802 rtfttj 29 1
508889377003891607 cgheye 44 0
884446599027973605 ntaglz 37 0
198793802241837400 xncrql 22 1
198793802241837400 xncrql 22 1
575239234475921407 iaducg 45 0
859706467699083284 tnxfpa 38 1
165153789713968389 dzyiuv 22 1
441690913937922187 ouathq 45 0
441690913937922187 ouathq 45 0
835168244951014182 zhtemc 30 1
131705478175978989 ktvhzx 23 0
426052799390052964 uowsdr 38 1
802518923514124762 fbqvqm 31 1
802518923514124762 fbqvqm 31 1
106165255738209769 qnrgvh 46 0
492612478752163564 baljit 39 1
776979680986255561 lvmuno 32 0
182525113100219566 whoxai 47 0
467064345324193344 huhied 40 1
467064345324193344 huhied 40 1
743531669548265449 rpjlrq 25 0
059978890562349246 ubkvek 18 1
433424124786204241 foeyjf 33 0
729971355900396049 qbfjwz 26 0
729971355900396049 qbfjwz 26 0
023238679024450026 avhmbu 41 1
300885801248334821 liaxnh 34 0
794321134462308828 wvcasb 27 1
070898356486480623 gpdlfw 42 1
070898356486480623 gpdlfw 42 1
384247769610345621 rcxwkq 35 0
760783091834439426 cpyzxl 20 1
045250224058511403 nbakby 43 0
351897546272475300 xwtnos 28 1
351897546272475300 xwtnos 28 1
637144770296569306 ijvybn 21 1
021600001410621103 tvwbgh 36 0
327257235634406108 dqqmtu 29 1
601704556859570185 odrpyp 44 0
601704556859570185 odrpyp 44 0
998063780073652981 zptakj 37 1
392619012097516988 kcmcpe 30 1
688156235211600783 uxoncy 45 0
962623647345762780 xjhqhl 38 1
962623647345762780 xjhqhl 38 1
268969970569647587 iwjbuf 23 0
652516102783711563 srkeza 46 0
939063426907793460 ddeplv 31 1
245320657921657465 oqfsqp 24 0
245320657921657465 oqfsqp 24 0
629978981145741262 zdhddc 39 1
915415102369803268 jxagqw 32 0
219982436583788065 ukcrvr 25 0
595329667707852042 fxdcim 40 1
980875891721934847 qjxfmy 32 0
980875891721934847 qjxfmy 32 0
286342313955898844 aeyqzt 47 1
570989546179882640 lraten 40 1
856235858393944647 wdteri 25 0
250792081517029622 gyvhwd 18 1
250792081517029622 gyvhwd 18 1
546341303531993529 rlwrip 33 0
823888537655075525 cxqunk 26 1
137154868879139322 nkrfae 19 1
513701082094013329 xftinz 34 0
513701082094013329 xftinz 34 0
897248313218185124 armtsu 27 1
103595547432169101 leowfg 42 0
487051779456024907 vzphjb 35 0
874608292680118904 gljkwv 20 1
874608292680118904 gljkwv 20 1
178147424804270709 rykvbq 43 0
454414737028154706 cleyod 28 1
848060969242228584 mfgjtx 21 0
144507283266300689 xshmgs 44 0
144507283266300689 xshmgs 44 0
431074414480265486 ifbxkm 29 1
715410748604259481 sacixh 22 0
111967969828311288 dmelcu 37 1
405424193942295284 ozxwpo 30 0
405424193942295284 ozxwpo 30 0
781073424966369261 zmzycj 45 0
095329658180441066 jgajhd 38 1
472886170314306063 utumty 23 0
766433303538490861 fgvxyl 46 1
062770615752552866 qaxalf 39 1
062770615752552866 qaxalf 39 1
346246848976336643 anqlqa 24 0
732793160990400748 dasodu 47 1
038330394114582545 omtzih 32 0
323686625339447541 yhncuc 25 1
323686625339447541 yhncuc 25 1
709145849553531348 juonzw 40 1
003792070777693345 ugqqmr 33 0
399239304791577120 fbjbzl 18 1
673505736905641128 poleey 41 0
673505736905641128 poleey 41 0
089152059129623923 aaepqt 34 0
364699281243588920 lngavn 19 1
640166594467672725 vihdii 42 0
954502716481734702 gubnnc 27 1
954502716481734702 gubnnc 27 1
330051040605618808 rhcqap 20 0
626518271829782605 cuebfk 34 0
920965505043864602 moxere 27 1
207411726267929407 xbzpwz 42 0
207411726267929407 xbzpwz 42 0
691978950481713405 ioasjl 35 1
977425281405877280 siudog 28 1
281861615639959287 dvvgbb 43 0
667338937853823082 gixrov 36 1
667338937853823082 gixrov 36 1
941877160077907089 ruqusq 21 0
258424474291069887 bpsffc 44 1
532770695215954862 mctikx 29 1
928237929439018769 xontxs 22 0
224884151553090764 hjowcm 37 1
224884151553090764 hjowcm 37 1
508321384778964552 swqhph 30 0
895697606992048557 dijktt 23 0
299234839916100354 ovlugo 38 1
585781361130085339 yqmflj 31 0
585781361130085339 yqmflj 31 0
869259595364159336 jcgiyd 46 1
175696816588231134 uphtlq 39 0
559143040702195139 fkbwpk 24 0
836600371926189936 pwchcf 47 1
836600371926189936 pwchcf 47 1
140056575940241911 ajekha 32 0
526593807164126819 lwxvuu 25 1
812060030388290814 vqzyzh 18 0
116517262502372611 gdajmb 33 0
116517262502372611 gdajmb 33 0
492955585726236618 jqumqw 26 1
887402717740320414 ukvxdq 41 0
183969240874482491 exxail 34 1
477515472098267296 pkqlvy 19 1
477515472098267296 pkqlvy 19 1
753852796212331293 awsoas 42 0
157329927436413098 krtznn 27 1
443976251450377096 venbzh 20 0
728412452674461871 gqomeu 43 1
034781686898523978 rlqxrp 28 1
410328918013408975 byjawj 21 0
794875141237572771 mkllje 36 1
000141463451556778 xxmooy 29 0
384788896475418573 hsgzal 44 0
384788896475418573 hsgzal 44 0
771235128609502550 sehcfg 37 1
075792342823666355 drjnsa 21 0
351048673047749353 oecqxv 44 1
745685807161613150 yyebkp 29 0
745685807161613150 yyebkp 29 0
041154138185797155 jlxexc 22 0
335600332309859932 myzpbx 45 1
612047563523643038 xsasor 30 0
018594897747727835 hfudtm 23 1
018594897747727835 hfudtm 23 1
302051029961880830 ssvggy 38 1
688607342985774637 dexqlt 31 0
992944774109838632 nzqtxo 46 1
379411007333910410 ymseci 39 0
379411007333910410 ymseci 39 0
663060229557884417 jythpd 24 1
969306553771968412 utnsup 47 1
243873784995920219 egodhk 40 0
639410018919815215 psqgmf 25 1
639410018919815215 psqgmf 25 1
933966219133979092 afjryz 18 0
220223443357051197 kalulu 33 1
606770775472925994 vmmfqg 26 1
900327908696009991 gzgidb 41 0
900327908696009991 gzgidb 41 0
296883420610161797 ruhtiw 34 1
570132653844056794 bgjwvq 19 0
986779985068010579 etchzd 42 0
261246109282192576 pgekmx 35 1
261246109282192576 pgekmx 35 1
547782430406056372 zafvrs 20 0
851139664420140379 knzxen 43 1
237686895644202174 vaaijh 28 0
521142199868187151 guulwu 21 0
807599320082251058 qhvwio 36 1
807599320082251058 qhvwio 36 1
104038654206335054 buxznj 29 0
598505886420197851 mgqkae 44 1
874141309444281856 wbsvfy 37 1
188498531678345853 hotysl 30 0
188498531678345853 hotysl 30 0
564965864792228639 sanjwf 45 1
848502086916392636 dvomja 38 0
155058310130476433 niqxov 23 1
439315541154338438 yvjabh 46 1
439315541154338438 yvjabh 46 1
825864775378422235 jhllgc 31 0
129401096592586211 ucnotw 24 1
405977200717569118 epgzxr 39 0
791224532931433113 hbickm 31 0
791224532931433113 hbickm 31 0
196861955955517910 swjmxy 24 1
482317287179679916 cjdpct 39 0
766874410303563713 nveapn 32 1
072221742527627790 yigdui 47 0
072221742527627790 yigdui 47 0
456768966741700595 jdzogd 40 0
733236197965674592 tpbrlp 25 1
047683421989658398 ecucyk 18 0
423120652003710395 ppwfde 33 1
423120652003710395 ppwfde 33 1
717697976227604370 zjxqqz 26 0
013233187441768277 kwrbvm 19 0
399580411665840275 vjsehg 34 1
784057833689715070 gdupub 27 0
784057833689715070 gdupub 27 0
080593166813899077 qqnszv 42 1
374142398037951872 bdpdmq 35 1
650409621251745850 mpqgrd 20 0
054956843475809655 wkkrex 43 1
340592077499981652 hxluis 28 0
340592077499981652 hxluis 28 0
625069308613856457 kjnevm 21 1
931316532837930454 veghah 44 1
315953853051094232 frisnt 29 0
691409067276986337 qdjvso 22 1
691409067276986337 qdjvso 22 1
907768599290040134 bqdgej 37 0
281315712314024139 mlejjd 30 0
678851044548997937 wxguwq 45 1
972328277762071932 hkzxjk 38 0
972328277762071932 hkzxjk 38 0
258775509986135919 sfbiof 23 1
642212722100027716 crclba 46 0
948788954124181711 newwfu 39 0
232225288348265519 yrxhsh 24 1
232225288348265519 yrxhsh 24 1
519672419562128514 jlrkxb 47 0
913131733786112391 tysvkw 32 1
209687944900276496 eluypr 25 1
585234478924158294 pfnjcl 40 0
585234478924158294 pfnjcl 40 0
899591690148222299 zsplgy 33 1
275048923372306096 kfqwts 18 0
560684155596469093 nrkzgn 41 1
866931388610353878 ymlkli 34 1
866931388610353878 ymlkli 34 1
140498600634417876 iznnyu 18 0
536046834858499671 tlgydp 41 1
830593165072363678 egibpj 26 0
127850399296447473 otjmue 19 0
127850399296447473 otjmue 19 0
501407610411500451 zfdphz 34 1
807943024635494558 kseaml 27 0
193410356659558353 vngdzg 42 1
477857579883630350 fzzoda 35 0
883304801007504155 qmbzqv 28 0
883304801007504155 qmbzqv 28 0
168872034221588153 bzccdq 43 1
444319266445641938 ltwnic 36 0
758766589469535935 wgxqvx 21 1
134222711683699730 htzaar 44 0
134222711683699730 htzaar 44 0
428779045807773738 snsdmm 29 0
704116266921645535 cauorz 22 1
009683590145729510 nnnret 37 0
495139901169883417 qzpcjo 30 1
495139901169883417 qzpcjo 30 1
771776235383676412 buqfwi 45 1
085025457517730210 lhkqbd 38 0
461582680731814215 wtltnq 31 1
745138912955786012 honesk 46 0
745138912955786012 honesk 46 0
052685145179860099 rbghff 39 1
336942469193924095 cnissz 24 1
722598691317817892 najvxu 47 0
026035924531971897 yvdgkh 32 1
026035924531971897 yvdgkh 32 1
302502146755955694 ihejob 25 0
696841679970827679 tugubw 40 0
093497801994901577 epzfgq 33 1
389964115118065572 obbhtd 26 0
389964115118065572 obbhtd 26 0
663401336242958379 zocsyy 41 1
979858560466032376 kbwvls 34 0
353314891680196172 vvxgpn 19 0
639861025604088159 fizjch 42 1
944208346828042954 qvsupu 27 0
944208346828042954 qvsupu 27 0
320777570042126951 tpuxup 20 1
614223802266299756 dcnihj 35 1
910860025480173754 opplle 28 0
294117557604237531 zbqwyy 21 1
294117557604237531 zbqwyy 21 1
681673780628319636 kwkzdl 36 0
987220092852283633 ujlkqg 28 1
271767216076367439 fvnnva 43 1
557034447290320436 qqgyiv 36 0
557034447290320436 qqgyiv 36 0
951580771414214221 bdibmh 21 1
247129902438378208 lpjmzc 44 0
522696226552450003 wcdwex 29 1
838933458776324001 hxezrr 22 1
838933458776324001 hxezrr 22 1
212589781990408808 rjgkem 45 0
598046103115563803 cwznjy 30 1
802393436139455680 njbyvt 23 0
188949668353419786 ydcbao 38 0
188949668353419786 ydcbao 38 0
575406872587593583 iqwmni 31 1
879955193701465588 tdxpsd 46 0
155392327925549385 wxzafp 39 1
549848658149603381 gksdkk 24 0
549848658149603381 gksdkk 24 0
845305872163596168 rxuowe 47 0
139952103387650165 ckvrbz 40 1
416209337501734160 nepcom 25 0
810765669725506967 xrqfbg 18 1
106312082849680963 iekqgb 33 1
106312082849680963 iekqgb 33 1
480851314863744740 tymtsv 26 0
796128547087637845 dlndxq 41 1
172664759211791642 oyhgkd 34 0
467211073435875640 zkirpx 19 1
467211073435875640 zkirpx 19 1
763588204659747445 kfkccs 42 1
047024538673821442 usdfhm 35 0
433671759897885227 fefqth 20 1
737138083011778224 qzgtyu 43 0
737138083011778224 qzgtyu 43 0
023485215235832020 amaelo 28 0
408033548450916027 lybhqj 21 1
704590960674888822 wldsdd 36 0
098047193698962809 zgwvqq 29 1
098047193698962809 zgwvqq 29 1
374484425822026707 jsygul 44 0
780930638046119702 ufzjhf 37 0
065497950160973709 fatuma 30 1
341044184384057504 qmuxzu 45 0
341044184384057504 qmuxzu 45 0
655390415308129501 azwieh 38 1
031859639522003387 lmpkrc 23 1
325306960746167384 wgrvvw 45 0
601743194960252181 gtsyir 30 1
601743194960252181 gtsyir 30 1
906219626184114186 rgmjnl 23 0
392756849108298984 canuay 38 1
676303071322262969 nnhxnt 31 1
982670304556144866 xaiisn 24 0
366116536770208861 imklei 39 1
366116536770208861 imklei 39 1
642765830994383668 thdwju 32 0
959222061118255664 dufzwp 47 1
233578395132339461 oggkbk 40 1
629115516356493448 ztanoe 25 0
629115516356493448 ztanoe 25 0
923682840470385243 cobysz 18 1
219139072694349241 madbfl 33 0
593575505819423246 xnwmkg 26 0
990022727833396043 iiypxb 19 1
990022727833396043 iiypxb 19 1
284589950057470028 suzzcv 34 0
631825692347225689 imlpjk 42 1
631825692347225689 imlpjk 42 1
925372826561309686 thfsof 35 0
322839157785261481 eugdbz 20 1
616285371709255488 hgiggu 43 0
992732502933319484 rtbrtp 36 0
992732502933319484 rtbrtp 36 0
396299836157294261 coduxb 21 1
682746058371366266 naefkw 44 0
966182581595440063 xnyixq 29 1
273651793519304060 iiztcl 22 0
659198026733496966 tubvpy 37 0
659198026733496966 tubvpy 37 0
933744248957550943 ehugus 30 1
249011571071335748 ouwjgn 45 0
523558703296407745 zoxulh 38 1
919105937410581541 kbrfyc 31 0
919105937410581541 kbrfyc 31 0
214461258444445548 uosidp 46 0
590918482668537345 fiutqj 39 1
884557713882691320 qvnwve 24 0
280024137006576128 biphhy 47 1
280024137006576128 biphhy 47 1
574370469220648123 luqkmt 32 1
851917672244622920 wpkvzg 25 0
255464904468586025 hclyma 39 1
541920127682668802 kofjrv 32 0
541920127682668802 kofjrv 32 0
827277459806732808 ujgmep 25 1
131824683020617805 fwixic 40 1
517381814044779602 qibavx 33 0
802839138278863607 avdkar 18 1
802839138278863607 avdkar 18 1
108276369392927405 lqennm 41 0
482743693516709480 wdyysg 26 0
878280014730873287 hpzbet 19 1
172836348954957282 rcbmjo 34 0
468103570978810089 cxuxwi 27 1
468103570978810089 cxuxwi 27 1
743640883192904187 njwajd 20 0
149297005316068962 xwxlox 35 0
435555238530940969 irrobk 28 1
719002560755014764 tdszff 43 0
719002560755014764 tdszff 43 0
125649794779098762 equcsz 36 1
409195015903953567 odnnxu 21 1
786462249127045564 zxpqkg 44 0
090009770341109349 kkqbpb 29 1
090009770341109349 kkqbpb 29 1
476556994565083346 mxkecw 22 0
760012226589155344 xrlpgq 45 1
066361459603239149 ienrtl 30 1
340908761827194246 trgcyx 23 0
340908761827194246 trgcyx 23 0
737475984041186021 ddifls 38 1
033921116265240029 oybqym 31 0
327368440489124824 zldtdh 46 1
603835661413296821 kxeepc 39 1
603835661413296821 kxeepc 39 1
087371995637370628 usyhuo 24 0
394728126851235623 ffzshj 47 1
678285650075327401 qrbdmd 40 0
964734871299401406 aeugzy 25 0
964734871299401406 aeugzy 25 0
368380105213365293 lzwrel 18 1
644647337437357298 wlxuqf 33 0
938194640651411196 hyrfva 26 1
335731862875396171 rtsiiu 41 0
335731862875396171 rtsiiu 41 0
621287095090468978 cfutvp 34 0
905544327914542975 nsnwac 19 1
211091541148406970 pfpgmw 42 0
695649872362598778 azqjrr 34 1
971106206586652773 lmkuel 19 1
971106206586652773 lmkuel 19 1
286453537700437550 wzlxjg 42 0
562090751924509555 gtniwt 27 1
956566083948683353 rgglbn 20 0
252803216162747358 ctiwni 35 1
252803216162747358 ctiwni 35 1
536450428386639255 mfjzsc 28 1
822927741500793232 xadkfp 43 0
229465973724878037 inevkk 36 1
513812207748732035 tzyyxe 29 0
513812207748732035 tzyyxe 29 0
899379428972724830 dmzjkz 44 0
293826752196888837 ohbmot 37 1
589472183310762632 ztuxbg 22 0
863739417434834610 jgwagb 45 1
863739417434834610 jgwagb 45 1
170286638458918417 ubxltv 30 0
554722962672873412 fnrnyq 23 0
830379194896965419 qasylk 38 1
144638307010029314 snubpx 31 0
144638307010029314 snubpx 31 0
420185629234803392 dhnmcs 46 1
816731852459975197 oupphm 39 1
111098184483059194 zhqauh 32 0
497545308607914999 jbkdht 47 1
497545308607914999 jbkdht 47 1
781182639821006997 uomolo 40 0
187658063045160794 fbnryj 25 1
471995394269044779 pnhcdd 18 1
758544518283116576 aiifqy 33 0
152010740407190572 lvkqvk 26 1
152010740407190572 lvkqvk 26 1
448557073521055379 whdbif 41 0
722904205745147474 gcfema 34 1
038461508969201251 rpypzu 27 1
414917732983185258 cbasep 42 0
414917732983185258 cbasep 42 0
709554063117257054 mobcrb 35 1
005801287331331051 xjvfww 20 0
389370719555296056 ivwqjr 43 0
775816942779288853 liytvl 28 1
775816942779288853 liytvl 28 1
079463274793342839 vdreay 21 0
365720497917226636 gpthns 36 1
640277629131398631 rcussn 29 0
046813953355472438 bpovfi 22 0
046813953355472438 bpovfi 22 0
330180174579337535 mjpgkc 36 1
616637488794421311 xwrjwp 29 0
022273619718583318 ijkubj 44 1
306742943842567113 sdmxoe 37 1
306742943842567113 sdmxoe 37 1
683089165066431110 dqnitz 22 0
997636698280513916 odhtgt 45 1
373192820404678913 zpiwtg 30 0
667649153428562790 jkkhxa 23 1
667649153428562790 jkkhxa 23 1
963096375642624795 uxdjkv 46 1
247553509866708592 fjfupq 31 0
634009830080672598 pwgxcc 24 1
938548054204654695 araihx 39 0
938548054204654695 araihx 39 0
224995365228718470 ldbltr 32 0
500451599452603477 oqvwym 47 1
984908820676765273 ylwzlg 40 0
290355244890849270 jxykqt 25 1
575812576014703077 ukrndo 18 0
575812576014703077 ukrndo 18 0
861368709238895072 extyii 41 0
265905931152959859 prubud 26 1
541272254376734855 aeomhx 19 0
835721486590806652 lrppmk 34 1
835721486590806652 lrppmk 34 1
232367710714980657 vlrazf 27 0
526834931939844554 gykdez 42 0
802171245953936552 rlmoru 35 1
118727476187090337 bxnyvg 20 0
118727476187090337 bxnyvg 20 0
592284700301975334 mshbib 43 1
878731122525047139 xfimnw 36 1
183088455749021136 iskpaq 21 0
469646687763985132 smdafl 44 1
469646687763985132 smdafl 44 1
853193810987077919 dzfdsx 29 0
159430132101131914 omgoes 22 1
433087366325016711 qyarjn 37 1
729543697549180719 btbcwh 30 0
729543697549180719 btbcwh 30 0
124090811663262614 mgdfbc 45 1
410447122687126611 xswqoo 38 0
796904356811110496 hnytsj 31 0
190452887035272493 sarefe 46 1
486099001259157299 dmthky 39 0
486099001259157299 dmthky 39 0
760366233473221296 ozusxl 24 1
077802566497303093 yuovcf 46 0
451459788611267078 jgpfpa 31 0
737926011835351876 utritv 24 1
737926011835351876 utritv 24 1
041263243059413871 eoktgp 39 0
327819577273498678 pametc 32 1
711376798298362773 annhyw 25 1
018625022422444770 lahslr 40 0
018625022422444770 lahslr 40 0
394162233646508556 vuivqm 33 1
688718767760492553 ghkgcg 18 0
084285989984554350 rudjht 41 1
378522112108639355 tgfuun 26 1
378522112108639355 tgfuun 26 1
654178444122503153 ebgxzi 19 0
059635667346585138 poaimd 34 1
345182999560649935 aablrp 27 0
629521123784533930 kvdwdk 20 1
629521123784533930 kvdwdk 20 1
935097454908615737 viwzqe 35 1
319544678922779835 guykvz 28 0
606181909156664630 qhzniu 43 1
902458313370726617 bctxng 36 0
902458313370726617 bctxng 36 0
286994644594800412 mouaab 21 0
672541868718674410 xbolev 44 1
976008090732756215 hwpwrq 29 0